    unsorted:	 140.5393312 140.8305053 141.1650792 140.1662153 142.0460772 143.3908458 145.3460144 148.1871399 136.9208354 152.1220030 153.7976435 157.5431412 164.2750068 172.3121811 175.4734198 181.3553746 188.5791456 190.6065255 195.9183419 106.9516232 206.3018258 96.36852834 0.02792807570 0.03481714933 0.08552570537 0.5183413404 27.66448809 31.15310035 355.0720766 440.1768282 451.3180640 547.9555513 608.1020985 712.3218201 763.5357351 883.7793721 983.9294645 1032.972486 1160.980307 1372.836857 1415.750252 1473.472678 1529.669082 1728.411027 1815.633795 1829.586582 1885.304385 2135.060540 2209.559357 2412.574256 2540.926703 2944.246113 3161.546063 3554.675282 3578.289685 3640.835376 3760.948772 4372.495239 4677.968912 4887.915705 5198.478690 5573.232651 5786.833241 7628.784691 8072.082605 8422.792499 12435.10220 12955.32396 14237.11129 14902.70633 15792.47476 16717.24449 25306.16551 27499.53360 28528.31858 37281.62623 47811.43012 54067.98538 84874.66435 208583.0630 222907.3898 1497836.772
      sorted:	 0.02792807570 0.03481714933 0.08552570537 0.5183413404 27.66448809 31.15310035 96.36852834 106.9516232 136.9208354 140.1662153 140.5393312 140.8305053 141.1650792 142.0460772 143.3908458 145.3460144 148.1871399 152.1220030 153.7976435 157.5431412 164.2750068 172.3121811 175.4734198 181.3553746 188.5791456 190.6065255 195.9183419 206.3018258 355.0720766 440.1768282 451.3180640 547.9555513 608.1020985 712.3218201 763.5357351 883.7793721 983.9294645 1032.972486 1160.980307 1372.836857 1415.750252 1473.472678 1529.669082 1728.411027 1815.633795 1829.586582 1885.304385 2135.060540 2209.559357 2412.574256 2540.926703 2944.246113 3161.546063 3554.675282 3578.289685 3640.835376 3760.948772 4372.495239 4677.968912 4887.915705 5198.478690 5573.232651 5786.833241 7628.784691 8072.082605 8422.792499 12435.10220 12955.32396 14237.11129 14902.70633 15792.47476 16717.24449 25306.16551 27499.53360 28528.31858 37281.62623 47811.43012 54067.98538 84874.66435 208583.0630 222907.3898 1497836.772
