    unsorted:	 142.4344697 141.8812782 141.4070054 140.8334496 143.1646718 139.3940179 144.4626217 146.6008264 149.7093657 154.0598982 160.0530035 159.3444380 167.6515229 129.8583019 176.9934872 188.1064017 200.5456992 209.8351647 212.5698742 218.9478333 231.2549612 71.27634688 55.54398702 0.07040799021 0.07864926666 0.04372787270 0.1139358989 34.76482594 257.8225622 416.0846458 555.3910786 611.8365377 775.2303681 904.2689828 980.9520606 1052.666659 1079.672561 1263.272883 1338.139273 1686.105588 1750.871108 1924.951477 1978.156850 2095.839358 2130.829137 2208.466350 2476.283719 2547.441595 2516.012658 2630.049683 2846.306729 3433.603953 3696.151287 3902.676078 4146.706311 4314.842677 4374.915734 5021.892400 5267.659576 5722.154097 5927.343539 6517.207318 6678.825145 7196.102459 7523.383210 8961.540709 12629.28474 13050.38625 13450.78507 15298.47100 16261.74720 17339.09593 22319.54934 27563.18659 28470.98395 36325.93885 55591.30599 62643.54426 100111.9372 182243.0140 235998.5376 2424994.290
      sorted:	 0.04372787270 0.07040799021 0.07864926666 0.1139358989 34.76482594 55.54398702 71.27634688 129.8583019 139.3940179 140.8334496 141.4070054 141.8812782 142.4344697 143.1646718 144.4626217 146.6008264 149.7093657 154.0598982 159.3444380 160.0530035 167.6515229 176.9934872 188.1064017 200.5456992 209.8351647 212.5698742 218.9478333 231.2549612 257.8225622 416.0846458 555.3910786 611.8365377 775.2303681 904.2689828 980.9520606 1052.666659 1079.672561 1263.272883 1338.139273 1686.105588 1750.871108 1924.951477 1978.156850 2095.839358 2130.829137 2208.466350 2476.283719 2516.012658 2547.441595 2630.049683 2846.306729 3433.603953 3696.151287 3902.676078 4146.706311 4314.842677 4374.915734 5021.892400 5267.659576 5722.154097 5927.343539 6517.207318 6678.825145 7196.102459 7523.383210 8961.540709 12629.28474 13050.38625 13450.78507 15298.47100 16261.74720 17339.09593 22319.54934 27563.18659 28470.98395 36325.93885 55591.30599 62643.54426 100111.9372 182243.0140 235998.5376 2424994.290
