    unsorted:	 0.004955694478 0.02044210042 0.04951686120 0.07431599924 0.09211395745 0.09849497610 0.2319116948 0.2801225471 2.000027440 299.6755061 307.5668981 291.3934759 313.8807591 318.4849484 321.3350888 282.4296605 273.9255667 263.2928827 253.2540359 251.2094830 239.2222148 334.4119527 226.6706371 213.9812729 197.9821101 355.7618512 129.0967977 132.7361482 123.9992587 114.7056659 37.34963929 391.2921474 431.2072018 476.8817930 519.1267824 526.1527275 716.3769725 845.5221885 1169.716217 1329.822480 1422.348684 1707.163501 1972.082798 2549.771626 3010.900139 3687.067970 4770.606876 4953.742668 5255.742977 5481.998469 5905.015874 6357.974564 6728.769094 7096.447906 7597.978671 8074.529210 8532.011007 8713.312576 9293.157776 9573.957173 9801.778830 10091.74293 10161.51608 10624.93864 10650.88036 11115.66275 11692.89284 12185.13208 12655.19204 13166.11748 13760.39484 14857.10303 15460.05330 15884.33417 16468.54372 16616.04331 16891.05660 17406.82269 17972.73758 18397.13075 18819.99579 19179.13574 19740.33560 20319.88533 21016.88593 21561.32488 22272.09839 22924.39175 23497.99871 24014.30893 24802.86773 25717.60130 26001.59715 26853.71517 26920.21974 28150.88579 28484.39069 30322.85662 33118.40409 33514.21178 35420.63560 36627.15699 37147.77793 39626.92750 40349.43088 41087.47316 42304.06534 44115.96359 45608.66266 47833.51543 47451.90231 51428.55098 51899.51730 52917.34155 57315.00021 58860.61546 65728.37228 73002.01083 74152.49383 77980.83525 90701.71322 94422.06930 103296.0771 107674.8147 111360.2080 117664.7805 123023.1098 129410.6893 167898.2343 190797.3283 201788.4853 229127.9029 260442.5648 454886.3990 642295.9849 901953.9855 1032392.003 2559985.685 3676220.528 4586683.152 161532459.2
      sorted:	 0.004955694478 0.02044210042 0.04951686120 0.07431599924 0.09211395745 0.09849497610 0.2319116948 0.2801225471 2.000027440 37.34963929 114.7056659 123.9992587 129.0967977 132.7361482 197.9821101 213.9812729 226.6706371 239.2222148 251.2094830 253.2540359 263.2928827 273.9255667 282.4296605 291.3934759 299.6755061 307.5668981 313.8807591 318.4849484 321.3350888 334.4119527 355.7618512 391.2921474 431.2072018 476.8817930 519.1267824 526.1527275 716.3769725 845.5221885 1169.716217 1329.822480 1422.348684 1707.163501 1972.082798 2549.771626 3010.900139 3687.067970 4770.606876 4953.742668 5255.742977 5481.998469 5905.015874 6357.974564 6728.769094 7096.447906 7597.978671 8074.529210 8532.011007 8713.312576 9293.157776 9573.957173 9801.778830 10091.74293 10161.51608 10624.93864 10650.88036 11115.66275 11692.89284 12185.13208 12655.19204 13166.11748 13760.39484 14857.10303 15460.05330 15884.33417 16468.54372 16616.04331 16891.05660 17406.82269 17972.73758 18397.13075 18819.99579 19179.13574 19740.33560 20319.88533 21016.88593 21561.32488 22272.09839 22924.39175 23497.99871 24014.30893 24802.86773 25717.60130 26001.59715 26853.71517 26920.21974 28150.88579 28484.39069 30322.85662 33118.40409 33514.21178 35420.63560 36627.15699 37147.77793 39626.92750 40349.43088 41087.47316 42304.06534 44115.96359 45608.66266 47451.90231 47833.51543 51428.55098 51899.51730 52917.34155 57315.00021 58860.61546 65728.37228 73002.01083 74152.49383 77980.83525 90701.71322 94422.06930 103296.0771 107674.8147 111360.2080 117664.7805 123023.1098 129410.6893 167898.2343 190797.3283 201788.4853 229127.9029 260442.5648 454886.3990 642295.9849 901953.9855 1032392.003 2559985.685 3676220.528 4586683.152 161532459.2
