    unsorted:	 139.8933897 140.0180590 140.0924858 139.7973587 140.3403252 140.8354528 141.5979531 142.7050835 144.1819420 145.8422592 148.2637825 152.1475051 157.6161364 162.3748985 164.7774071 129.9815729 173.1844361 177.1887111 181.7310755 186.1114808 121.5818224 192.7482938 208.4211856 0.004676954158 0.03261673145 0.01533337530 0.4522647176 0.05367853779 0.4692218932 23.42639539 267.6616455 404.4261082 595.0929587 569.0816651 647.5985621 701.9238613 815.9976070 801.9357475 921.9561904 1046.134401 1084.194326 1338.522215 1463.313104 1533.648918 1625.692957 1749.447053 1808.626574 1942.468036 2201.514166 2272.382994 2511.636763 3088.497989 3273.666376 3764.781781 3886.947540 4049.454399 4886.951211 5015.822708 5685.257393 6486.415735 7381.129183 8452.117532 11214.74003 13335.06899 14385.07635 15318.64108 16629.64603 24920.08596 26317.68771 31842.30407 35534.65674 39173.19894 78356.85493 158253.1964 660643.5629 2046765.921
      sorted:	 0.004676954158 0.01533337530 0.03261673145 0.05367853779 0.4522647176 0.4692218932 23.42639539 121.5818224 129.9815729 139.7973587 139.8933897 140.0180590 140.0924858 140.3403252 140.8354528 141.5979531 142.7050835 144.1819420 145.8422592 148.2637825 152.1475051 157.6161364 162.3748985 164.7774071 173.1844361 177.1887111 181.7310755 186.1114808 192.7482938 208.4211856 267.6616455 404.4261082 569.0816651 595.0929587 647.5985621 701.9238613 801.9357475 815.9976070 921.9561904 1046.134401 1084.194326 1338.522215 1463.313104 1533.648918 1625.692957 1749.447053 1808.626574 1942.468036 2201.514166 2272.382994 2511.636763 3088.497989 3273.666376 3764.781781 3886.947540 4049.454399 4886.951211 5015.822708 5685.257393 6486.415735 7381.129183 8452.117532 11214.74003 13335.06899 14385.07635 15318.64108 16629.64603 24920.08596 26317.68771 31842.30407 35534.65674 39173.19894 78356.85493 158253.1964 660643.5629 2046765.921
