"","age_0","age_1","age_2","age_3","age_4","age_5","age_6","age_7","age_8","age_9","age_10","age_11","age_12+","Year","Region"
"X1",0.000228800653197493,0.103312503946745,0.372213417152834,0.169761165367466,0.114625296303366,0.116606256767194,0.0840670868333045,0.0215587885807914,0.00907918376199726,0.00457071725514108,0.00148831926365316,0.00114725132449688,0.00134121278981363,1994,"Both"
"X2",0.000143396154775289,0.0587400392408398,0.247909766313287,0.423201868474492,0.105893632373256,0.0776168369061389,0.0551878471828321,0.0137992297435974,0.00751367118122086,0.00577628064316533,0.00143237438877911,0.00142983068112156,0.00135522671649504,1995,"Both"
"X3",3.11613264815404e-05,0.0654647382396941,0.186321843185146,0.173977794987845,0.286767528353755,0.154293459907182,0.0786841670650134,0.0355806192273049,0.0099161681154675,0.0037884216124605,0.00189477104402596,0.00161541290664183,0.00166391402898191,1996,"Both"
"X4",0.000289588526848788,0.269686020236937,0.167322955548781,0.149585933646617,0.143869993228849,0.123559010036412,0.102229298622843,0.0263539305505031,0.0115754551460553,0.00234269144825222,0.00174912127641645,0.000827598546612781,0.000608403184871918,1997,"Both"
"X5",6.79750497347265e-05,0.0729575444213034,0.434734942701829,0.195778331019649,0.112661430176561,0.0596584958715888,0.0653822090957464,0.0337006895970126,0.0191790798669898,0.00385880261007069,0.000769980529360639,0.00080763106809947,0.000442887992054798,1998,"Both"
"X6",8.08009868310388e-05,0.0958253551561097,0.193936704561035,0.301120372743369,0.21781424140953,0.0755329521553738,0.0614576180590515,0.0306762293724004,0.0140692234521126,0.00619027131600984,0.00117225342833698,0.00142979870765558,0.000694178652184336,1999,"Both"
"X7",0,0.198282127078036,0.114227453306649,0.160582942665475,0.245335715947158,0.167410895158457,0.0689733028567553,0.0156395681328871,0.0178628664973373,0.00530409118467643,0.00398766854619648,0.00167779443226316,0.000715574194108933,2000,"Both"
"X8",3.54030145657092e-05,0.287198341746206,0.233284802742735,0.183644736615436,0.0870815955410311,0.0912668677441368,0.0759990166052686,0.0281958532876105,0.00813992206019065,0.00196201990136998,0.00161729994682586,0.00110213393009232,0.000472006864531249,2001,"Both"
"X9",0.000216437005251333,0.0729621238247743,0.182788214044489,0.299950462295286,0.248372614455074,0.0757138748220354,0.0639671830199971,0.0401118814057862,0.0106577566935185,0.00317357704478717,0.00099565936807565,0.00048058612521747,0.000609629895707361,2002,"Both"
"X10",5.48309932798634e-06,0.163046915931508,0.145399362424629,0.234009803939621,0.21525254200546,0.135005333110847,0.0494775341418322,0.0343066492010059,0.0176809210612956,0.00388077989898721,0.000500235401796491,0.00061992378349399,0.000814516000196798,2003,"Both"
"X11",4.69694151188235e-05,0.130568912135361,0.15214955669752,0.267739681399927,0.129654939463362,0.1380089195781,0.104923573130222,0.0408066171278336,0.0223977852980456,0.00860151592241571,0.00226443307493344,0.00199968681415219,0.000837409943007861,2004,"Both"
"X12",3.18381822080653e-06,0.148427147203371,0.231400473394914,0.200403968394513,0.127326703293653,0.0729283146597292,0.100398771675741,0.0695388842270172,0.0289731206837224,0.0114677362593621,0.00407660567740536,0.00447048646058389,0.000584604251766747,2005,"Both"
"X13",0,0.336858187680718,0.134591977860498,0.159496121926488,0.111670871630386,0.0923856918471072,0.0669446705233313,0.0505603430419473,0.0306462105455753,0.010942020377457,0.00356902810534734,0.00140384167633764,0.000931034784806271,2006,"Both"
"X14",0,0.664599862599659,0.100074416053582,0.0712134587596461,0.0488465767214078,0.0531864872516737,0.022835449390501,0.0186801928572834,0.010034104123696,0.00622529493191082,0.00204717045849888,0.00118458971989407,0.00107239713224806,2007,"Both"
"X15",0,0.212691670108574,0.419496837437523,0.150245300649046,0.0903538517826992,0.0530101599996148,0.0336846229277632,0.0123287715313619,0.0133299123272619,0.00772665677276455,0.00319183168224652,0.00234520243906173,0.00159518234208359,2008,"Both"
"X16",0,0.475761294722559,0.18248655779956,0.218170544684198,0.0607301371004743,0.0269681656618628,0.014853018548727,0.00994481924829151,0.00613816191895529,0.00236621995867612,0.00126295787326798,0.000820357708226561,0.000497764775200502,2009,"Both"
"X17",0,0.0473453034722087,0.499614275318744,0.173633147916757,0.188486030192534,0.0591150579883569,0.0154891257172651,0.00856825714575852,0.00396510446422715,0.00210534377375244,0.000806467910268644,0.000718566146660415,0.000153319953467497,2010,"Both"
"X18",7.90060201337088e-05,0.296906824521595,0.0711490475115737,0.371748280018368,0.113124536248399,0.0977197417702578,0.0318454440176362,0.00839427991859861,0.00417212575123319,0.00214668869715667,0.0013849319050484,0.000769636910781405,0.000559456709218302,2011,"Both"
"X19",0,0.366741283438161,0.242022901255341,0.05955090316885,0.219605454069147,0.0634340264677317,0.0334595150731169,0.00876329831972816,0.00307099742348084,0.00219317169941898,0.000712369296337929,0.000174156171684166,0.000271923617001559,2012,"Both"
"X20",0,0.101177792045813,0.358066414485024,0.19535297611262,0.123053510254175,0.138220668545077,0.0623222196124606,0.0148569547743539,0.00464141870372055,0.00129525981587108,0.00028274379501856,0.000372113894433779,0.000357927961432672,2013,"Both"
"X21",3.90229600612405e-05,0.279780721604798,0.170811574861887,0.224220984156372,0.203061319827907,0.0585358202774252,0.0461214502388552,0.0121463516476311,0.00259860995041896,0.00103640865991736,0.000921698330884589,9.8150751331786e-05,0.000627886732509851,2014,"Both"
"X22",1.89596289658888e-05,0.0586211652756971,0.420193157100429,0.207010891962755,0.194656575075931,0.0847752423218171,0.0190674021418966,0.0118785629274053,0.00269038162271631,0.000510879020132141,0.000262035265596995,0.000107917363506695,0.000206830293150165,2015,"Both"
"X23",2.38913774255262e-06,0.0858041580649657,0.0931957020011842,0.347799695683131,0.226694330098485,0.171622430171522,0.056164189667435,0.0126404270543725,0.00380473219973814,0.00140248430480127,0.000469053726004824,0.000259563060772576,0.000140844829845388,2016,"Both"
"X24",6.59553463615372e-05,0.107664962477616,0.169886447782225,0.159903305720305,0.286182848206054,0.161788626303323,0.0817516993896257,0.0240006447816369,0.00394010134253449,0.00304698305609437,0.000590555913377189,0.000519413488776937,0.000658456192069531,2017,"Both"
"X25",3.28023879513736e-05,0.0726955729192895,0.0986706089120387,0.254289373798565,0.166700708865224,0.286684818626424,0.0859803367394381,0.0293810796190576,0.00264144075124544,0.00178620026681324,0.000511078696960511,0.000213522694624985,0.000412455722367521,2018,"Both"
"X26",7.88564172346915e-06,0.573444882863358,0.0855864588210376,0.0799823518366,0.0793032977489109,0.0638840021034136,0.0784005918749401,0.0298800041800988,0.00698785411778736,0.00121133331985843,0.000385583762103816,0.000207763230691311,0.000717990499476579,2019,"Both"
"X27",0.00014310754829721,0.0987458279652507,0.38606541223074,0.176792772343875,0.116779655968609,0.111590979083614,0.0751721794417742,0.0195220696352103,0.00759396464866235,0.00400543307453707,0.00131667570719208,0.00107538120999064,0.00119654114224744,1994,"EBS"
"X28",9.044038485117e-05,0.0559834844457604,0.255312388933874,0.432317251329148,0.105048891703143,0.0734162707403829,0.0497924796387134,0.0127012836444702,0.00638768905822786,0.00509547600510879,0.00129267443578443,0.00132985081913087,0.00123181886140522,1995,"EBS"
"X29",2.2731635135884e-05,0.0635156833513857,0.200598015319859,0.188508389120261,0.2926905664834,0.140125111333412,0.0663580853700973,0.0313193380773701,0.00857004712709897,0.00343057242506499,0.00175403537882669,0.00157712614526045,0.00153029823282709,1996,"EBS"
"X30",0.000220337800170481,0.260006976156159,0.17945660248849,0.163053655780077,0.151210007519375,0.118106424280312,0.0893459181179772,0.0233887382246383,0.00994647359106237,0.00218574059683577,0.00166078278303069,0.00083938205194194,0.000578960609930557,1997,"EBS"
"X31",4.79770748746784e-05,0.0717875937119342,0.448266076506001,0.201497907969356,0.113338991697074,0.0566370786859831,0.057123989842477,0.0293954742273991,0.0164196135726286,0.00354217824874161,0.000722745647265159,0.000803136869612707,0.000417235946652791,1998,"EBS"
"X32",5.12266083847877e-05,0.0892401566446889,0.196948203825695,0.312639376897231,0.223963714461627,0.0739197784840084,0.0556705713493689,0.0272849466086671,0.0119327899529679,0.00537959388233436,0.00102662749465171,0.00132580366381701,0.000617210126557759,1999,"EBS"
"X33",0,0.203057057537749,0.120050036923232,0.167264097212037,0.249958182855346,0.158080598399857,0.0617347159489103,0.0142468562031795,0.01519616542118,0.00467633556329606,0.00352147997627717,0.00156543912133509,0.000649034837600512,2000,"EBS"
"X34",2.62979482551013e-05,0.285228691610182,0.24097092657192,0.193483528155495,0.0896483856062637,0.0870352999702651,0.0675396974617045,0.0244935579019068,0.00700567554424598,0.00173455484669189,0.00138409557566713,0.00102614988761177,0.000423138919791116,2001,"EBS"
"X35",0.000169197479656513,0.0727577241709079,0.191532139936956,0.312025852929406,0.247358739931598,0.0702873442625966,0.0565879783023762,0.0354685284498716,0.0090651979088167,0.00282806268379103,0.000898009961562495,0.000464746332610068,0.000556477649850961,2002,"EBS"
"X36",4.19020478872441e-06,0.166251473446152,0.15337052374177,0.245934907426408,0.216183290940853,0.123504711970158,0.0440155410536831,0.0299904603759536,0.0153603331044013,0.00354825171716825,0.000471733365568697,0.000616291674912198,0.000748290978182484,2003,"EBS"
"X37",3.31954288910959e-05,0.130882548650693,0.157542617690858,0.280862546702311,0.132271607517523,0.133285806244471,0.0951588908407671,0.0374022060179859,0.0199315395618023,0.0077983070621626,0.0020917576695194,0.00197350338312885,0.000765473229886325,2004,"EBS"
"X38",2.50815901679278e-06,0.154392413116933,0.237100785908434,0.206837849756926,0.13023115109267,0.0705768949267584,0.0917881968110611,0.0634365733320204,0.0262394792939617,0.0106226764367451,0.00376725072366534,0.00445261216951179,0.000551608272296603,2005,"EBS"
"X39",0,0.329083984425068,0.140686775750009,0.168351715209128,0.116673671290943,0.092546181519652,0.063129886840762,0.0467838679898645,0.0276246413658064,0.0097934602353771,0.00316109758258529,0.00132910569748268,0.000835612093321691,2006,"EBS"
"X40",0,0.660761513016941,0.104053568703346,0.0755189415825005,0.0508105656388138,0.0526308299746218,0.0211958327572877,0.0170477405394274,0.00867816015008792,0.00540926324451877,0.00180505687304484,0.00112323275244202,0.000965294766968735,2007,"EBS"
"X41",0,0.208814610432028,0.429573078408234,0.154029679519352,0.0909513912370344,0.0514406965148968,0.0310005207691859,0.0111971739181163,0.0106046430638757,0.00625979118569288,0.00257824883825207,0.00214236719409386,0.0014077989192387,2008,"EBS"
"X42",0,0.451210933691788,0.193421577970815,0.231010589630057,0.064150752959325,0.0278888416185377,0.0143418879161182,0.00922846552095151,0.00469655882080276,0.00184075922946845,0.00101994371830878,0.000747990773744004,0.000441698150083735,2009,"EBS"
"X43",0,0.0453456136530721,0.503332226373235,0.175096482071062,0.190015621148755,0.0587598188294339,0.014477335481724,0.0076420754926336,0.00255996280845134,0.00143689264215372,0.00058961452579562,0.000611514301456395,0.000132842672227807,2010,"EBS"
"X44",5.69121417651035e-05,0.287562222068084,0.0746815210054328,0.386137425995975,0.115072803030391,0.0939644143366502,0.028438609797992,0.00722075809859023,0.00302612378548023,0.00159310539627014,0.00107976270065435,0.000674223563112067,0.000492118079602804,2011,"EBS"
"X45",0,0.370306696376031,0.248909521470016,0.0611089882388218,0.218960281257079,0.0589647904427935,0.0293599629578925,0.00739978043888001,0.00233767782589996,0.00168767912069135,0.000576995454577281,0.000154583717599892,0.000233042699717215,2012,"EBS"
"X46",0,0.0997907978487561,0.378114934264571,0.1993850118474,0.122310188111965,0.127167226157164,0.0548070454987974,0.0127476301125562,0.00370472618506006,0.00106645359542368,0.000243197830676774,0.000348010397858489,0.000314778149770008,2013,"EBS"
"X47",3.32254321608073e-05,0.286932853614983,0.179448408225778,0.231929247342719,0.196797057464102,0.0507645003670955,0.0392980903178948,0.0102122660658027,0.00217018569685171,0.000908469505426843,0.000832741390515967,9.7222971123393e-05,0.00057573160554516,2014,"EBS"
"X48",1.65066184494029e-05,0.0593591124208367,0.437590729844162,0.211034333606361,0.186828333536674,0.0743266444275298,0.0172669397071549,0.010340159200398,0.00226451921058168,0.000442666944413326,0.000236705046712298,0.00010539893056798,0.000187950506159117,2015,"EBS"
"X49",2.38186300416213e-06,0.103350130519175,0.101360218642051,0.363898199978292,0.220428005114763,0.144540820212945,0.0495183664633942,0.0111742536216666,0.00346108442266847,0.0013722547188349,0.00046739710992422,0.000285715823716397,0.000141171509564785,2016,"EBS"
"X50",6.35025853354101e-05,0.130308239223925,0.173836938796576,0.174218733088534,0.284552285441485,0.132659906447743,0.0756357132489414,0.0203799494487644,0.00329197089008048,0.00316370948686425,0.000607418450136785,0.000601073456065604,0.000680559435547972,2017,"EBS"
"X51",3.37356650049446e-05,0.0945266752271836,0.116700779405255,0.281923505447936,0.157599075180247,0.231042115428777,0.0779381129775085,0.0331016095983649,0.00332196561521468,0.00228755851350666,0.000692874442592285,0.000326101632922969,0.000505890865485664,2018,"EBS"
"X52",7.64855717517148e-06,0.669626425750433,0.0685943490148582,0.0692761921614534,0.0583148508742097,0.0441530406341029,0.0549471581207537,0.0259893802442012,0.00691165733798227,0.00106672113807518,0.000376317634074094,0.00024311068541095,0.000493147847270323,2019,"EBS"
"X53",0.00118555561026011,0.154298985154043,0.217557275664961,0.0912539758027553,0.090572085821427,0.172601331171302,0.183377839423755,0.0442985521778226,0.0256615068165869,0.0108820586701979,0.0034047024275388,0.00194967397446992,0.00295645728488053,1994,"NBS"
"X54",0.000817600344087908,0.093835002331272,0.153663583322246,0.307149749572179,0.116648413192962,0.131096170895533,0.123878745385963,0.0277776849852391,0.0218490658983739,0.0144439166673207,0.00321095854855527,0.00270272014902292,0.00292638870724429,1995,"NBS"
"X55",8.88787225615927e-05,0.0788097550804631,0.0885740790240303,0.074488024552617,0.24621297852411,0.251302965107378,0.163079824050384,0.064757257119981,0.0191329466511811,0.00623858525889979,0.00285837644757158,0.00187755917993454,0.00257877028088879,1996,"NBS"
"X56",0.000716455564229121,0.329348424800978,0.0925301819533093,0.0665698134826053,0.0986255560248816,0.157169186267211,0.181643490088336,0.0446316140365495,0.0216166281947837,0.00331014909342155,0.00229364683978555,0.000754964074007474,0.000789889579902114,1997,"NBS"
"X57",0.000191798904122078,0.0802016682533977,0.350952602060382,0.16036374187579,0.108466091416434,0.0783665662763229,0.116515613626549,0.0603578068683329,0.0362651975869593,0.00581928356312089,0.00106245040211156,0.000835458334755597,0.00060172083172105,1998,"NBS"
"X58",0.000453710594947529,0.178859519364369,0.155964071842206,0.155874807136102,0.140274231899331,0.0958738009987759,0.134427716976994,0.0734376327518275,0.0410079664042567,0.0164122749550795,0.00300848170143042,0.00274109426419203,0.00166469111048927,1999,"NBS"
"X59",0,0.158058971767609,0.0651790562475087,0.10430209852613,0.206396886170662,0.246007636782231,0.129949856940389,0.0273715229171428,0.0403266766947335,0.0105921916227496,0.00791475720435005,0.00262425536180792,0.00127608976468649,2000,"NBS"
"X60",0.000129945094341355,0.307650122539185,0.153476253586135,0.0814840512404692,0.0604294369695081,0.13520517685753,0.163836007356968,0.0666384844302759,0.0199173238865515,0.00432389389678425,0.00403876789774363,0.00189111109520128,0.000979425149306508,2001,"NBS"
"X61",0.000591821801979685,0.0745863679625361,0.113305364620802,0.203994416980946,0.256429280501372,0.118835329691565,0.122605393883927,0.0770098833130092,0.0233128870773596,0.00591917697484835,0.00177162191539227,0.000606455664618623,0.0010319996116439,2002,"NBS"
"X62",1.35070556322779e-05,0.14315880542346,0.0959287767265005,0.160000280040821,0.209476132127412,0.206380436572707,0.0833757312048882,0.0610937609735269,0.032082943655509,0.00594451481303834,0.000677124611496236,0.000642465359521828,0.00122552143548695,2003,"NBS"
"X63",0.000155242577015257,0.128103509844429,0.109756326706226,0.164584785210916,0.109086099102022,0.175135892567061,0.181680802948348,0.0675676686610884,0.0417842010720881,0.0149152991312133,0.00362178248830007,0.0022055068882632,0.00140288280303048,2004,"NBS"
"X64",8.28490881064686e-06,0.103390593809594,0.188364264683287,0.151829462964867,0.105398708754046,0.0906810589446703,0.165406873621826,0.11561009956432,0.0496115613154327,0.0178477673214655,0.00641217312630464,0.00460543374975924,0.000833717235616956,2005,"NBS"
"X65",0,0.439166255179142,0.0543847883435277,0.0429570238985942,0.0458343159703196,0.0902736569913686,0.117147004274325,0.100258537420106,0.0704098870831416,0.0260570057563787,0.00893737031161478,0.00238736285758497,0.00218679191389738,2006,"NBS"
"X66",0,0.702901411950357,0.0603678420940022,0.0282505500239121,0.0292486175404749,0.0587311970704207,0.0391966108844937,0.0349698641515682,0.0235645952638906,0.0143681900155448,0.00446313733225524,0.00179684945971949,0.00214113421336046,2007,"NBS"
"X67",0,0.278073278814931,0.249574035278095,0.0864266341498517,0.08027711991646,0.0794771365224461,0.0789485424185118,0.031411705129173,0.0592880619209079,0.0324634521383156,0.0135391146136049,0.00576575711831366,0.00475516197938898,2008,"NBS"
"X68",0,0.808250081484397,0.0343921332247233,0.0442761176057091,0.014404284072812,0.0144993294010861,0.0217753283143503,0.019646492531102,0.0256619833607686,0.00948260411800737,0.00455413071781649,0.00180043267403335,0.00125708249519407,2009,"NBS"
"X69",0,0.179475640054118,0.253949112890169,0.0769427349888391,0.0874176715180839,0.0825876331779546,0.082343586390597,0.0697660951265628,0.0968104238463507,0.0462735303402229,0.0151351454907337,0.00779206134734547,0.00150636482902272,2010,"NBS"
"X70",0.000367769431786735,0.419039265010243,0.0249801911142252,0.183684472752567,0.0876610049755202,0.146801263063671,0.0763722154512398,0.023732020026574,0.0191501858215796,0.00938193277387279,0.00537344397712912,0.00201667391037782,0.00143956169121374,2011,"NBS"
"X71",0,0.307036398264963,0.126702494807771,0.0334598747764097,0.230409242952122,0.138273947770164,0.102108867214428,0.0315961875043056,0.0153508548009492,0.0106579349385596,0.00297928194253568,0.000501908144323108,0.000923006883468093,2012,"NBS"
"X72",0,0.113475322737224,0.180309876044187,0.159603667786353,0.129644040248334,0.236223996388513,0.128954138123859,0.0335588965861151,0.0129464318184733,0.00332392837433256,0.000633370864148728,0.000585823143927352,0.000740507884532735,2013,"NBS"
"X73",7.18674980006376e-05,0.239261991002656,0.121881616098705,0.18055162248725,0.238550032673073,0.102562415063618,0.0847775994885028,0.0231034610158601,0.00502574732553977,0.00176121800724008,0.00142566306431719,0.000103406873040438,0.000923359402196847,2014,"NBS"
"X74",3.49106133714059e-05,0.0538225786715595,0.307063429500776,0.180847997640721,0.245560620483041,0.152718457791621,0.0307751172235369,0.0218822109729246,0.00545960117933959,0.000954435926531985,0.000426747941593568,0.000124293764774366,0.000329598290209192,2015,"NBS"
"X75",2.41229330038427e-06,0.0299551696797474,0.0672079719829893,0.296558011487728,0.246640098972066,0.257823438635245,0.0773179047950132,0.0173072702987472,0.00489856616991318,0.00149870534925642,0.000474326749913068,0.000176318580724369,0.00013980500535564,2016,"NBS"
"X76",7.19439024446732e-05,0.0523801095070991,0.160241098421501,0.124951372476296,0.290163960291039,0.232908058904771,0.0966842287379923,0.0328407791566899,0.00552254884653698,0.0027619888109952,0.00054938506712959,0.000320036016350512,0.000604489861155148,2017,"NBS"
"X77",3.16538671637624e-05,0.0458295155988559,0.0764821006481762,0.220281921750485,0.177901472291712,0.355160520516718,0.0958773562084745,0.024802475649513,0.00180396494514439,0.00116921266793846,0.000287354999738494,7.49794288415829e-05,0.000297471427238855,2018,"NBS"
"X78",8.49838009167041e-06,0.324866381805967,0.129502090226347,0.107652121360401,0.133547350266985,0.114878118845967,0.139015333874966,0.039935212665358,0.00718478255894975,0.00158507944934739,0.000409531810212571,0.000116408724965423,0.0012990900304419,2019,"NBS"
