    unsorted:	 140.4768164 140.7232223 141.0425491 140.1220045 141.8762372 143.1453800 145.0023185 147.7252523 151.5449712 156.8650615 155.7275118 133.7725962 163.6438113 171.8261929 177.1779514 181.0855676 189.2059484 191.4567326 120.1466286 196.6663792 99.93876215 206.6560836 0.006576430790 0.03107087080 0.01674014752 0.05638994553 0.1516296965 3.670089976 31.31290264 323.8365327 431.3703245 508.6775336 536.7253242 598.8007823 631.7156237 758.6594198 887.2043815 970.3958626 1026.651091 1390.157773 1405.679170 1350.159253 1507.451463 1546.142004 1709.692907 1747.520707 1823.376824 1876.585478 2058.018150 2205.619548 2411.407135 2549.455314 2964.756309 3166.087112 3551.694651 3582.919091 3601.840738 3729.698757 4654.761619 4864.433830 5191.156429 5569.193119 5676.313600 6676.451380 7364.886130 8416.501648 12533.67722 13018.59590 14267.24171 14946.66807 15885.34252 16789.59517 27479.30412 27516.17820 25369.67467 28726.35116 40234.10330 54268.46225 90677.49453 198824.6257 1273171.780 30757915.77
      sorted:	 0.006576430790 0.01674014752 0.03107087080 0.05638994553 0.1516296965 3.670089976 31.31290264 99.93876215 120.1466286 133.7725962 140.1220045 140.4768164 140.7232223 141.0425491 141.8762372 143.1453800 145.0023185 147.7252523 151.5449712 155.7275118 156.8650615 163.6438113 171.8261929 177.1779514 181.0855676 189.2059484 191.4567326 196.6663792 206.6560836 323.8365327 431.3703245 508.6775336 536.7253242 598.8007823 631.7156237 758.6594198 887.2043815 970.3958626 1026.651091 1350.159253 1390.157773 1405.679170 1507.451463 1546.142004 1709.692907 1747.520707 1823.376824 1876.585478 2058.018150 2205.619548 2411.407135 2549.455314 2964.756309 3166.087112 3551.694651 3582.919091 3601.840738 3729.698757 4654.761619 4864.433830 5191.156429 5569.193119 5676.313600 6676.451380 7364.886130 8416.501648 12533.67722 13018.59590 14267.24171 14946.66807 15885.34252 16789.59517 25369.67467 27479.30412 27516.17820 28726.35116 40234.10330 54268.46225 90677.49453 198824.6257 1273171.780 30757915.77
