    unsorted:	 139.9569605 140.0121357 139.7713101 140.2616793 140.7342576 141.4813034 142.6159293 144.3575751 145.9711253 146.9818712 148.2469640 150.7439990 135.6944133 155.7824748 162.2477075 165.7758600 170.0648210 176.0242697 178.6542117 181.1436928 182.5400089 188.9869734 196.4362474 95.21595827 0.07078207365 0.1395728095 0.09846130855 0.03825432364 410.8960144 558.5446213 599.5536447 740.9803796 777.0756711 903.1770125 1016.003580 1046.833957 1197.371646 1392.084337 1436.561291 1507.341188 1599.644787 1763.201739 1805.240031 1837.133374 1909.972863 2204.651725 2264.470592 2438.496823 2592.655979 2936.540682 3022.998485 3211.347157 3605.807396 3669.762103 3862.513682 3927.402718 4553.769312 4864.609159 4962.888939 5292.591784 5682.503181 5874.752266 7471.899466 8306.171849 8517.321304 12487.40434 13276.65770 14339.21069 15178.66131 15919.29648 16753.82693 24772.40950 26072.57671 27528.41477 35226.25465 42197.08567 52373.47912 78583.78137 213064.8357 240463.3350 925109.9792
      sorted:	 0.03825432364 0.07078207365 0.09846130855 0.1395728095 95.21595827 135.6944133 139.7713101 139.9569605 140.0121357 140.2616793 140.7342576 141.4813034 142.6159293 144.3575751 145.9711253 146.9818712 148.2469640 150.7439990 155.7824748 162.2477075 165.7758600 170.0648210 176.0242697 178.6542117 181.1436928 182.5400089 188.9869734 196.4362474 410.8960144 558.5446213 599.5536447 740.9803796 777.0756711 903.1770125 1016.003580 1046.833957 1197.371646 1392.084337 1436.561291 1507.341188 1599.644787 1763.201739 1805.240031 1837.133374 1909.972863 2204.651725 2264.470592 2438.496823 2592.655979 2936.540682 3022.998485 3211.347157 3605.807396 3669.762103 3862.513682 3927.402718 4553.769312 4864.609159 4962.888939 5292.591784 5682.503181 5874.752266 7471.899466 8306.171849 8517.321304 12487.40434 13276.65770 14339.21069 15178.66131 15919.29648 16753.82693 24772.40950 26072.57671 27528.41477 35226.25465 42197.08567 52373.47912 78583.78137 213064.8357 240463.3350 925109.9792
