    unsorted:	 140.3691401 140.5633384 140.8831685 140.0474032 141.6507929 142.8265147 144.5633325 147.1348307 150.7860848 134.0522654 155.8787750 162.5491847 162.2561740 170.6678058 124.5361758 179.6663505 180.0486677 188.5171226 191.6488351 115.4973634 197.5761272 209.8452901 0.003430384626 0.03185078542 0.1063094889 0.01653448224 0.05614258558 0.1559701584 31.93925264 324.4182865 440.1370971 530.1371760 560.4578550 619.1017592 667.9131380 787.3991303 925.1974715 1010.215706 1063.213881 1227.013174 1322.930501 1432.618369 1521.295874 1561.550664 1744.531625 1803.539790 1845.054273 1910.340749 2134.936458 2227.589248 2365.252127 2484.207017 2651.874385 3029.721624 3219.622749 3681.817648 3671.634891 3615.751102 4719.001071 4921.738885 5164.809654 5616.798424 5741.142298 6729.248701 7412.633922 8473.017429 11351.11884 12702.55718 13067.29391 14374.20945 15222.81921 16715.00657 24358.61178 27482.49143 27326.55819 28039.78631 39907.89732 52331.33004 90092.31974 194198.0139 1178047.010 24017870.86
      sorted:	 0.003430384626 0.01653448224 0.03185078542 0.05614258558 0.1063094889 0.1559701584 31.93925264 115.4973634 124.5361758 134.0522654 140.0474032 140.3691401 140.5633384 140.8831685 141.6507929 142.8265147 144.5633325 147.1348307 150.7860848 155.8787750 162.2561740 162.5491847 170.6678058 179.6663505 180.0486677 188.5171226 191.6488351 197.5761272 209.8452901 324.4182865 440.1370971 530.1371760 560.4578550 619.1017592 667.9131380 787.3991303 925.1974715 1010.215706 1063.213881 1227.013174 1322.930501 1432.618369 1521.295874 1561.550664 1744.531625 1803.539790 1845.054273 1910.340749 2134.936458 2227.589248 2365.252127 2484.207017 2651.874385 3029.721624 3219.622749 3615.751102 3671.634891 3681.817648 4719.001071 4921.738885 5164.809654 5616.798424 5741.142298 6729.248701 7412.633922 8473.017429 11351.11884 12702.55718 13067.29391 14374.20945 15222.81921 16715.00657 24358.61178 27326.55819 27482.49143 28039.78631 39907.89732 52331.33004 90092.31974 194198.0139 1178047.010 24017870.86
