    unsorted:	 140.2471749 140.3719321 139.9712945 140.6639829 141.2300083 139.1217470 141.9176135 142.8712692 138.0427510 144.4130831 146.7891281 150.2309003 155.0899809 161.5226030 164.9009227 169.5214943 127.0486186 178.6912110 181.2893742 119.5516836 187.5918793 191.5993671 197.8908101 211.8421964 0.004735763869 0.03188895437 0.01708803156 0.4115874001 0.05558181203 0.5157805005 31.26193477 322.1700839 433.9412945 562.9511493 589.5428299 635.9511570 688.9771702 798.9466489 932.6348010 1032.454743 1076.961061 1087.869279 1334.400744 1459.266059 1517.529844 1579.634914 1745.490414 1811.897409 1931.747207 1997.182766 2183.060454 2259.870139 2444.227677 2987.288817 3244.581816 3638.429496 3703.963318 3733.990568 4747.750525 4769.306112 4934.910198 5519.209856 5744.819178 6660.611845 7154.282027 7882.867255 8643.749205 12597.44687 13116.54408 14463.65737 15278.40764 16762.47695 23496.71379 27189.78240 27447.10221 27845.26473 39841.38920 50694.52450 88820.86116 191696.8762 994094.6401 1642226.069
      sorted:	 0.004735763869 0.01708803156 0.03188895437 0.05558181203 0.4115874001 0.5157805005 31.26193477 119.5516836 127.0486186 138.0427510 139.1217470 139.9712945 140.2471749 140.3719321 140.6639829 141.2300083 141.9176135 142.8712692 144.4130831 146.7891281 150.2309003 155.0899809 161.5226030 164.9009227 169.5214943 178.6912110 181.2893742 187.5918793 191.5993671 197.8908101 211.8421964 322.1700839 433.9412945 562.9511493 589.5428299 635.9511570 688.9771702 798.9466489 932.6348010 1032.454743 1076.961061 1087.869279 1334.400744 1459.266059 1517.529844 1579.634914 1745.490414 1811.897409 1931.747207 1997.182766 2183.060454 2259.870139 2444.227677 2987.288817 3244.581816 3638.429496 3703.963318 3733.990568 4747.750525 4769.306112 4934.910198 5519.209856 5744.819178 6660.611845 7154.282027 7882.867255 8643.749205 12597.44687 13116.54408 14463.65737 15278.40764 16762.47695 23496.71379 27189.78240 27447.10221 27845.26473 39841.38920 50694.52450 88820.86116 191696.8762 994094.6401 1642226.069
