    unsorted:	 140.3019642 140.4647393 140.7738298 140.0023109 141.4750162 142.4845786 143.5383946 144.7114128 147.0265348 135.6466091 150.5288167 155.4550627 161.8073408 163.8993846 169.7265637 126.6633829 178.7031967 180.0688800 187.2533496 190.6655487 116.1271696 197.5426383 211.8220130 0.03833340863 0.005949409366 0.03581472032 0.08859565221 7.568042766 30.89124944 344.5575726 458.8330298 526.4993945 581.8689293 644.4287353 818.5244464 803.6578745 910.2903722 948.2241155 1061.437466 1074.681279 1095.758052 1472.954885 1516.597106 1578.283390 1781.898439 1946.310219 1876.217847 1970.231870 2233.292007 2323.466275 2447.927041 2976.472702 3253.265299 3623.254314 3693.739356 3823.593654 4022.557713 4685.032661 4833.460114 4977.412259 5629.241796 5812.604243 7205.391545 7788.902611 8157.539257 8691.194928 12495.70514 12984.31654 14419.84689 15251.79045 16718.40221 23283.73866 27585.26206 28174.89392 36960.42268 46349.76887 55624.70362 82901.75836 201069.5315 222202.9719 1241705.901
      sorted:	 0.005949409366 0.03581472032 0.03833340863 0.08859565221 7.568042766 30.89124944 116.1271696 126.6633829 135.6466091 140.0023109 140.3019642 140.4647393 140.7738298 141.4750162 142.4845786 143.5383946 144.7114128 147.0265348 150.5288167 155.4550627 161.8073408 163.8993846 169.7265637 178.7031967 180.0688800 187.2533496 190.6655487 197.5426383 211.8220130 344.5575726 458.8330298 526.4993945 581.8689293 644.4287353 803.6578745 818.5244464 910.2903722 948.2241155 1061.437466 1074.681279 1095.758052 1472.954885 1516.597106 1578.283390 1781.898439 1876.217847 1946.310219 1970.231870 2233.292007 2323.466275 2447.927041 2976.472702 3253.265299 3623.254314 3693.739356 3823.593654 4022.557713 4685.032661 4833.460114 4977.412259 5629.241796 5812.604243 7205.391545 7788.902611 8157.539257 8691.194928 12495.70514 12984.31654 14419.84689 15251.79045 16718.40221 23283.73866 27585.26206 28174.89392 36960.42268 46349.76887 55624.70362 82901.75836 201069.5315 222202.9719 1241705.901
