    unsorted:	 140.0031745 140.0627531 139.8035150 140.3096524 140.7530058 141.2726564 141.9017051 143.0372018 144.7468265 144.9371078 147.6146387 151.5743837 134.3197618 156.8854193 163.8904486 162.8799548 172.0535649 124.7947759 177.1463368 180.5340454 185.4008969 191.9029378 198.9742834 211.2327287 0.1751388740 0.07600384019 0.03073877025 5.670872983 22.01048404 267.5028721 457.2089955 590.9535101 658.3850136 799.0808246 812.8325496 843.0803055 915.7655874 940.1516975 1094.765504 1108.171541 1483.169444 1539.438225 1634.737176 1734.920321 1829.479224 1942.018554 1967.090417 2195.992884 2385.277023 2465.696519 3096.472157 3291.399513 3764.742297 3932.983080 4001.746180 4235.690537 4962.293087 5042.171485 5806.738876 7591.930038 7918.723628 8418.122754 11103.87920 13216.43883 14310.65268 15235.70826 16536.94926 24669.55117 31854.80952 33292.08348 35434.86798 48095.39821 75997.07011 180739.6058 206095.1277 736377.7002
      sorted:	 0.03073877025 0.07600384019 0.1751388740 5.670872983 22.01048404 124.7947759 134.3197618 139.8035150 140.0031745 140.0627531 140.3096524 140.7530058 141.2726564 141.9017051 143.0372018 144.7468265 144.9371078 147.6146387 151.5743837 156.8854193 162.8799548 163.8904486 172.0535649 177.1463368 180.5340454 185.4008969 191.9029378 198.9742834 211.2327287 267.5028721 457.2089955 590.9535101 658.3850136 799.0808246 812.8325496 843.0803055 915.7655874 940.1516975 1094.765504 1108.171541 1483.169444 1539.438225 1634.737176 1734.920321 1829.479224 1942.018554 1967.090417 2195.992884 2385.277023 2465.696519 3096.472157 3291.399513 3764.742297 3932.983080 4001.746180 4235.690537 4962.293087 5042.171485 5806.738876 7591.930038 7918.723628 8418.122754 11103.87920 13216.43883 14310.65268 15235.70826 16536.94926 24669.55117 31854.80952 33292.08348 35434.86798 48095.39821 75997.07011 180739.6058 206095.1277 736377.7002
