    unsorted:	 140.2382126 140.1398045 139.8941739 140.5179977 139.6717023 141.0895065 141.9217390 142.9850798 144.2538594 146.1986358 149.2448276 153.6849451 159.6708929 163.1075601 167.2654403 128.5936883 176.0694279 178.9140732 184.7535836 188.7848889 120.8517022 195.2289459 209.9078113 0.004815685634 0.03195366875 0.01657714621 0.05516478092 0.4560493184 0.4570240293 28.02468771 291.9848394 410.0589297 564.8801936 601.8719909 648.6370387 696.6390756 798.9282306 856.0843426 929.6776977 1039.863187 1079.463271 1176.128207 1339.876549 1464.479630 1518.716483 1596.270818 1746.649857 1805.525992 1940.095410 2205.027657 2268.611457 2988.552297 3174.557797 3252.590802 3711.206315 3790.173407 4799.447855 4936.438105 5222.662276 5640.900704 6576.555409 7414.652832 8485.218400 8683.042556 12944.43336 14300.45760 14430.23866 15415.33148 16825.52276 26748.68711 25921.89347 30291.58694 37639.49327 42370.18284 80897.66510 172848.5928 797380.5075 1834347.246
      sorted:	 0.004815685634 0.01657714621 0.03195366875 0.05516478092 0.4560493184 0.4570240293 28.02468771 120.8517022 128.5936883 139.6717023 139.8941739 140.1398045 140.2382126 140.5179977 141.0895065 141.9217390 142.9850798 144.2538594 146.1986358 149.2448276 153.6849451 159.6708929 163.1075601 167.2654403 176.0694279 178.9140732 184.7535836 188.7848889 195.2289459 209.9078113 291.9848394 410.0589297 564.8801936 601.8719909 648.6370387 696.6390756 798.9282306 856.0843426 929.6776977 1039.863187 1079.463271 1176.128207 1339.876549 1464.479630 1518.716483 1596.270818 1746.649857 1805.525992 1940.095410 2205.027657 2268.611457 2988.552297 3174.557797 3252.590802 3711.206315 3790.173407 4799.447855 4936.438105 5222.662276 5640.900704 6576.555409 7414.652832 8485.218400 8683.042556 12944.43336 14300.45760 14430.23866 15415.33148 16825.52276 25921.89347 26748.68711 30291.58694 37639.49327 42370.18284 80897.66510 172848.5928 797380.5075 1834347.246
