    unsorted:	 140.5393351 140.8305124 141.1650902 140.1662182 142.0460910 143.3908644 145.3460382 148.1871672 136.9212681 152.1220241 153.7980732 157.5431933 164.2750485 172.3122134 175.4737623 181.3554188 188.5792684 190.6066710 195.9186831 206.3021306 106.9522232 96.36940190 0.02793244838 0.03481960276 0.08554032195 0.5183513466 27.66471004 31.15752155 355.8777350 440.2939360 452.1235078 547.9681522 608.5310344 712.3595859 764.0760019 884.1815445 990.8632014 1033.123555 1367.364731 1412.864080 1472.348444 1507.325959 1720.905530 1762.936895 1821.368490 1856.494584 1886.556324 2135.088227 2211.403102 2412.988859 2541.412189 2945.557835 3161.689124 3556.689247 3580.275824 3645.446899 3797.803829 4637.525991 4792.978648 5114.878750 5284.809433 5614.543881 6361.188772 7631.556789 8177.928470 8502.823006 12440.75826 13069.64970 14277.38813 14979.52786 15838.76930 16787.11475 25364.73425 27500.49596 28606.04401 37372.74235 51862.54596 69772.88959 85450.59607 217449.3819 263980.9089 1501070.019
      sorted:	 0.02793244838 0.03481960276 0.08554032195 0.5183513466 27.66471004 31.15752155 96.36940190 106.9522232 136.9212681 140.1662182 140.5393351 140.8305124 141.1650902 142.0460910 143.3908644 145.3460382 148.1871672 152.1220241 153.7980732 157.5431933 164.2750485 172.3122134 175.4737623 181.3554188 188.5792684 190.6066710 195.9186831 206.3021306 355.8777350 440.2939360 452.1235078 547.9681522 608.5310344 712.3595859 764.0760019 884.1815445 990.8632014 1033.123555 1367.364731 1412.864080 1472.348444 1507.325959 1720.905530 1762.936895 1821.368490 1856.494584 1886.556324 2135.088227 2211.403102 2412.988859 2541.412189 2945.557835 3161.689124 3556.689247 3580.275824 3645.446899 3797.803829 4637.525991 4792.978648 5114.878750 5284.809433 5614.543881 6361.188772 7631.556789 8177.928470 8502.823006 12440.75826 13069.64970 14277.38813 14979.52786 15838.76930 16787.11475 25364.73425 27500.49596 28606.04401 37372.74235 51862.54596 69772.88959 85450.59607 217449.3819 263980.9089 1501070.019
