    unsorted:	 140.4216469 140.6510910 140.9828912 140.0844791 141.7924455 143.0334043 144.8561842 147.5339685 136.7336690 151.3030492 156.4951410 161.0407634 163.0967004 171.1339075 180.1446671 178.4726510 188.2937372 190.7255598 122.0708427 197.2036049 107.2790219 209.8980766 0.03118485004 0.005549380408 0.03484902979 0.08539673615 2.690655522 31.71548905 354.2411010 457.0739804 472.1448563 576.0538083 633.0326907 776.3574486 797.6644772 927.2028224 991.8319124 1063.194045 1074.955526 1227.426843 1444.819950 1500.742403 1560.025805 1767.831742 1841.277509 1882.763933 1924.174973 2185.015257 2258.635235 2357.744535 2482.329946 2662.291823 3021.287645 3222.117594 3615.557192 3656.884811 3746.957753 4100.933278 4761.961388 4934.692826 5162.035143 5637.541276 5808.672552 7701.251332 8180.280486 8464.252528 11252.74971 12619.85870 12938.65090 14330.95168 15196.32796 16669.79045 24251.29572 27489.49983 27931.64143 36972.56863 46231.06779 53418.56330 83758.38925 204626.4361 221795.1901 1368678.971
      sorted:	 0.005549380408 0.03118485004 0.03484902979 0.08539673615 2.690655522 31.71548905 107.2790219 122.0708427 136.7336690 140.0844791 140.4216469 140.6510910 140.9828912 141.7924455 143.0334043 144.8561842 147.5339685 151.3030492 156.4951410 161.0407634 163.0967004 171.1339075 178.4726510 180.1446671 188.2937372 190.7255598 197.2036049 209.8980766 354.2411010 457.0739804 472.1448563 576.0538083 633.0326907 776.3574486 797.6644772 927.2028224 991.8319124 1063.194045 1074.955526 1227.426843 1444.819950 1500.742403 1560.025805 1767.831742 1841.277509 1882.763933 1924.174973 2185.015257 2258.635235 2357.744535 2482.329946 2662.291823 3021.287645 3222.117594 3615.557192 3656.884811 3746.957753 4100.933278 4761.961388 4934.692826 5162.035143 5637.541276 5808.672552 7701.251332 8180.280486 8464.252528 11252.74971 12619.85870 12938.65090 14330.95168 15196.32796 16669.79045 24251.29572 27489.49983 27931.64143 36972.56863 46231.06779 53418.56330 83758.38925 204626.4361 221795.1901 1368678.971
