    unsorted:	 140.0657407 140.1543406 139.8440352 140.4183766 140.9584163 141.7861319 142.9534113 144.1232294 145.4606357 148.1461236 151.2202576 152.6009703 135.4859794 157.8902545 165.0435871 163.6347443 173.4397127 126.1021826 178.1979089 182.0657307 186.7294038 193.9372892 209.7849397 90.83146192 261.4627368 0.1792837631 289.6480339 0.03351598583 0.08211633989 23.16875205 458.6511379 522.1534529 590.3706462 656.0106699 833.2648945 807.3375330 893.7520565 949.4323999 1093.089675 1106.299289 1482.868987 1536.552529 1623.921022 1801.272810 1864.969216 1927.744300 1974.967967 2269.532858 2374.074624 3057.652256 3283.352379 3748.103665 3937.136529 4109.313714 4352.130605 4928.296036 5018.910390 5779.878526 6536.718065 7639.176459 7902.326031 8465.249530 12542.37834 13524.52918 14296.43718 15242.55991 16618.99686 25168.52082 31081.67043 34600.26231 35785.41148 48145.21552 77771.96882 183126.5530 205735.0510 269158.6507 798461.2706
      sorted:	 0.03351598583 0.08211633989 0.1792837631 23.16875205 90.83146192 126.1021826 135.4859794 139.8440352 140.0657407 140.1543406 140.4183766 140.9584163 141.7861319 142.9534113 144.1232294 145.4606357 148.1461236 151.2202576 152.6009703 157.8902545 163.6347443 165.0435871 173.4397127 178.1979089 182.0657307 186.7294038 193.9372892 209.7849397 261.4627368 289.6480339 458.6511379 522.1534529 590.3706462 656.0106699 807.3375330 833.2648945 893.7520565 949.4323999 1093.089675 1106.299289 1482.868987 1536.552529 1623.921022 1801.272810 1864.969216 1927.744300 1974.967967 2269.532858 2374.074624 3057.652256 3283.352379 3748.103665 3937.136529 4109.313714 4352.130605 4928.296036 5018.910390 5779.878526 6536.718065 7639.176459 7902.326031 8465.249530 12542.37834 13524.52918 14296.43718 15242.55991 16618.99686 25168.52082 31081.67043 34600.26231 35785.41148 48145.21552 77771.96882 183126.5530 205735.0510 269158.6507 798461.2706
