    unsorted:	 139.9409957 139.9783112 139.7620169 140.2193999 140.6300376 141.1744041 141.8345275 138.8316819 142.8764258 144.5939759 147.2035234 151.0478473 156.3719402 162.9186389 163.5134631 127.9081626 171.6937325 177.3358392 180.3901372 185.5333067 120.6245011 191.9320017 206.8179042 0.004704219304 0.03250636470 0.01523203775 0.05371754803 0.4292153494 0.3490104998 21.32529242 256.0937336 389.8609300 569.6001046 597.5566856 662.0291840 651.2071706 712.4037150 806.8877915 1053.484418 1091.280223 1335.871177 1468.663243 1492.639978 1539.306858 1642.922874 1739.598708 1812.784459 1955.328668 2229.787138 2297.981978 3072.388892 3292.805150 3805.676206 3953.160827 4919.125946 5014.262341 5678.364951 5948.749606 6277.261018 7487.432724 8750.309655 13308.52478 14337.35896 15185.50721 16168.51079 23344.98530 26027.32560 32849.73009 33637.47509 38262.99178 75795.92810 145944.6031 586202.6363 2617299.193
      sorted:	 0.004704219304 0.01523203775 0.03250636470 0.05371754803 0.3490104998 0.4292153494 21.32529242 120.6245011 127.9081626 138.8316819 139.7620169 139.9409957 139.9783112 140.2193999 140.6300376 141.1744041 141.8345275 142.8764258 144.5939759 147.2035234 151.0478473 156.3719402 162.9186389 163.5134631 171.6937325 177.3358392 180.3901372 185.5333067 191.9320017 206.8179042 256.0937336 389.8609300 569.6001046 597.5566856 651.2071706 662.0291840 712.4037150 806.8877915 1053.484418 1091.280223 1335.871177 1468.663243 1492.639978 1539.306858 1642.922874 1739.598708 1812.784459 1955.328668 2229.787138 2297.981978 3072.388892 3292.805150 3805.676206 3953.160827 4919.125946 5014.262341 5678.364951 5948.749606 6277.261018 7487.432724 8750.309655 13308.52478 14337.35896 15185.50721 16168.51079 23344.98530 26027.32560 32849.73009 33637.47509 38262.99178 75795.92810 145944.6031 586202.6363 2617299.193
