    unsorted:	 311.0799722 311.1308072 308.8558025 318.7146447 326.8052857 330.3687789 332.3709182 300.4124998 339.8476323 290.7136856 280.6232010 271.1114425 268.8526370 259.5225685 251.1332503 242.9751697 232.1922182 233.7827066 220.5526545 357.7998460 208.7403611 374.4757543 179.1359498 408.7203735 150.9781686 115.8492293 118.4953008 107.0568038 73.06054746 63.11406278 38.25285364 0.01781311811 5.933343386 552.8632198 654.4843271 760.6619692 724.3828999 805.8096013 822.0857577 927.5834231 961.6605609 1084.194725 1223.802110 1262.825387 1422.837638 1584.619190 1686.890208 1727.610903 1892.118396 2095.829303 2160.889474 2295.524041 2373.539625 2430.506154 2524.818562 2781.558630 2971.104604 2875.527158 3018.340004 3207.689711 3273.160330 3346.720408 3509.139653 3585.833533 3627.701170 3974.967079 4091.919916 4785.079327 5120.160993 5199.051886 5410.477872 5419.823409 5674.750447 6057.955269 6187.203566 6320.215122 6610.640727 6742.581207 6879.167574 7234.895085 7751.892657 7863.690741 8576.807336 8694.933881 9789.792516 10056.52064 10564.15274 10641.66160 10912.76978 11580.27376 11950.11916 12483.92748 12913.34482 13302.42726 13880.58460 14155.16938 15331.32923 15638.91808 16468.38956 17250.38720 17994.82252 18821.83395 19685.72128 20812.66995 21182.14815 22283.78251 23246.81431 25190.13112 27362.87575 27481.17878 28037.76090 32132.60620 35062.56076 35654.76306 37794.43092 40155.11048 41962.64033 47684.91203 48949.20522 49420.27643 52219.43308 59649.98994 67834.34655 70875.12253 78557.78922 110096.9273 112940.6142 114659.5233 116366.1447 156451.8653 179511.3500 198489.0077 232476.5342 242764.4396 369702.7204 535712.4901 666591.6032 1348446.709 1673189.531 3261915.028 5351753.417 85921706.80
      sorted:	 0.01781311811 5.933343386 38.25285364 63.11406278 73.06054746 107.0568038 115.8492293 118.4953008 150.9781686 179.1359498 208.7403611 220.5526545 232.1922182 233.7827066 242.9751697 251.1332503 259.5225685 268.8526370 271.1114425 280.6232010 290.7136856 300.4124998 308.8558025 311.0799722 311.1308072 318.7146447 326.8052857 330.3687789 332.3709182 339.8476323 357.7998460 374.4757543 408.7203735 552.8632198 654.4843271 724.3828999 760.6619692 805.8096013 822.0857577 927.5834231 961.6605609 1084.194725 1223.802110 1262.825387 1422.837638 1584.619190 1686.890208 1727.610903 1892.118396 2095.829303 2160.889474 2295.524041 2373.539625 2430.506154 2524.818562 2781.558630 2875.527158 2971.104604 3018.340004 3207.689711 3273.160330 3346.720408 3509.139653 3585.833533 3627.701170 3974.967079 4091.919916 4785.079327 5120.160993 5199.051886 5410.477872 5419.823409 5674.750447 6057.955269 6187.203566 6320.215122 6610.640727 6742.581207 6879.167574 7234.895085 7751.892657 7863.690741 8576.807336 8694.933881 9789.792516 10056.52064 10564.15274 10641.66160 10912.76978 11580.27376 11950.11916 12483.92748 12913.34482 13302.42726 13880.58460 14155.16938 15331.32923 15638.91808 16468.38956 17250.38720 17994.82252 18821.83395 19685.72128 20812.66995 21182.14815 22283.78251 23246.81431 25190.13112 27362.87575 27481.17878 28037.76090 32132.60620 35062.56076 35654.76306 37794.43092 40155.11048 41962.64033 47684.91203 48949.20522 49420.27643 52219.43308 59649.98994 67834.34655 70875.12253 78557.78922 110096.9273 112940.6142 114659.5233 116366.1447 156451.8653 179511.3500 198489.0077 232476.5342 242764.4396 369702.7204 535712.4901 666591.6032 1348446.709 1673189.531 3261915.028 5351753.417 85921706.80
