    unsorted:	 190.6113698 189.2522266 184.4753615 196.9691756 203.5506380 179.6850839 178.4341620 173.1775798 210.3481647 217.5780271 225.8330726 234.4121963 239.7079120 243.3244498 251.1597782 255.7394085 262.6477104 160.7273496 277.3208891 282.4897559 135.4288780 109.8500150 356.0561375 420.5231758 0.1263843680 467.2398697 574.2354080 642.0962081 809.9593104 1109.503862 1136.051354 1164.926838 1026.223192 1265.909841 1346.265760 1522.523478 1723.915116 1865.273295 2053.487907 2203.358165 2300.967952 2510.179191 2653.171291 3081.347584 3037.364115 3146.059420 3212.810276 3345.394471 3472.426316 3713.996995 3799.152262 3878.748696 3997.964394 4065.259187 4255.648122 4360.693806 4746.100796 4836.653927 4876.836248 5325.420697 5427.610599 5519.394707 5835.084208 6194.405827 6657.006690 6920.025297 7231.750757 7330.820612 7718.452676 7832.947523 8214.345985 8575.161082 8737.337196 9012.247848 9161.452532 9517.613045 10348.67288 10831.39285 11665.40250 11856.58297 12541.20543 12314.96755 12659.36239 13828.02930 14167.77191 14900.26488 15079.10262 16131.03109 16656.44605 17596.75986 18435.55717 19023.23258 19429.90369 20728.88239 22318.26479 23054.86357 24753.31523 24937.35569 26880.05546 27450.60991 27918.94462 28199.58972 29557.29444 30490.04224 33453.73399 35289.87125 35752.32960 38464.99797 38904.16624 40056.20589 42220.75777 41645.11513 42936.24412 44118.82067 45976.32456 48816.51769 50187.48030 56135.04460 59900.76538 68778.25298 71398.32146 76139.62176 79045.82592 88590.48423 98226.64310 99974.94305 112567.8403 120606.4236 129285.7324 141242.0597 149700.6132 153860.6000 173201.3485 245523.3320 299682.0370 527141.0545 592008.5969 783656.0138 852307.6384 1382482.930 1931772.477 3108290.828 6186303.683
      sorted:	 0.1263843680 109.8500150 135.4288780 160.7273496 173.1775798 178.4341620 179.6850839 184.4753615 189.2522266 190.6113698 196.9691756 203.5506380 210.3481647 217.5780271 225.8330726 234.4121963 239.7079120 243.3244498 251.1597782 255.7394085 262.6477104 277.3208891 282.4897559 356.0561375 420.5231758 467.2398697 574.2354080 642.0962081 809.9593104 1026.223192 1109.503862 1136.051354 1164.926838 1265.909841 1346.265760 1522.523478 1723.915116 1865.273295 2053.487907 2203.358165 2300.967952 2510.179191 2653.171291 3037.364115 3081.347584 3146.059420 3212.810276 3345.394471 3472.426316 3713.996995 3799.152262 3878.748696 3997.964394 4065.259187 4255.648122 4360.693806 4746.100796 4836.653927 4876.836248 5325.420697 5427.610599 5519.394707 5835.084208 6194.405827 6657.006690 6920.025297 7231.750757 7330.820612 7718.452676 7832.947523 8214.345985 8575.161082 8737.337196 9012.247848 9161.452532 9517.613045 10348.67288 10831.39285 11665.40250 11856.58297 12314.96755 12541.20543 12659.36239 13828.02930 14167.77191 14900.26488 15079.10262 16131.03109 16656.44605 17596.75986 18435.55717 19023.23258 19429.90369 20728.88239 22318.26479 23054.86357 24753.31523 24937.35569 26880.05546 27450.60991 27918.94462 28199.58972 29557.29444 30490.04224 33453.73399 35289.87125 35752.32960 38464.99797 38904.16624 40056.20589 41645.11513 42220.75777 42936.24412 44118.82067 45976.32456 48816.51769 50187.48030 56135.04460 59900.76538 68778.25298 71398.32146 76139.62176 79045.82592 88590.48423 98226.64310 99974.94305 112567.8403 120606.4236 129285.7324 141242.0597 149700.6132 153860.6000 173201.3485 245523.3320 299682.0370 527141.0545 592008.5969 783656.0138 852307.6384 1382482.930 1931772.477 3108290.828 6186303.683
