    unsorted:	 142.7280599 143.0945094 141.7761941 141.0368998 144.5423115 146.8280283 150.0129965 154.3808126 160.1232414 162.7645992 167.4351392 176.0932605 173.1297169 131.3493493 185.8145564 196.4978561 194.7319624 205.2143894 208.3920741 213.5483601 112.4506987 224.0604077 61.27020212 0.05189808357 5.622732696 4.013833420 308.8432445 403.3056579 549.6768999 607.2315435 765.6092846 798.0305928 948.8226482 971.7605609 1063.142340 1341.570349 1377.911980 1476.510870 1532.798999 1570.861916 1700.951481 1831.062738 1848.062434 1941.452622 2225.667973 2286.516999 2441.933614 2651.612054 2678.052874 3149.014297 3303.928284 3728.044732 3852.744500 3982.498316 3976.145289 4908.292753 5029.156744 5281.955385 5574.271474 5990.812334 6753.233241 8119.340717 8705.484086 12042.61888 12892.66124 13453.14908 14700.37683 15161.77550 16892.53877 17757.93835 27537.01411 27155.81618 32465.98434 42245.17413 66398.43430 69881.42148 83205.31670 99577.06713 215633.7885 272335.1867 3539457.681
      sorted:	 0.05189808357 4.013833420 5.622732696 61.27020212 112.4506987 131.3493493 141.0368998 141.7761941 142.7280599 143.0945094 144.5423115 146.8280283 150.0129965 154.3808126 160.1232414 162.7645992 167.4351392 173.1297169 176.0932605 185.8145564 194.7319624 196.4978561 205.2143894 208.3920741 213.5483601 224.0604077 308.8432445 403.3056579 549.6768999 607.2315435 765.6092846 798.0305928 948.8226482 971.7605609 1063.142340 1341.570349 1377.911980 1476.510870 1532.798999 1570.861916 1700.951481 1831.062738 1848.062434 1941.452622 2225.667973 2286.516999 2441.933614 2651.612054 2678.052874 3149.014297 3303.928284 3728.044732 3852.744500 3976.145289 3982.498316 4908.292753 5029.156744 5281.955385 5574.271474 5990.812334 6753.233241 8119.340717 8705.484086 12042.61888 12892.66124 13453.14908 14700.37683 15161.77550 16892.53877 17757.93835 27155.81618 27537.01411 32465.98434 42245.17413 66398.43430 69881.42148 83205.31670 99577.06713 215633.7885 272335.1867 3539457.681
