    unsorted:	 139.9592050 140.0037765 139.7719529 140.2564971 140.7146191 141.3962358 142.2083385 143.0939861 144.7329701 147.3715737 135.6286019 151.2645358 156.5344988 163.4799023 162.1621476 127.3110883 171.6511269 176.2224357 180.0742084 184.7017823 118.0789069 191.6833392 206.3430081 0.03146477550 0.004542098840 0.02940470473 0.07358277618 0.4018454318 20.61530341 257.0300039 434.5585846 545.7018353 590.0642271 658.1300932 667.7960640 803.6855399 821.2379987 877.9704160 1097.344769 1112.799244 1409.266699 1497.375412 1545.200604 1646.655104 1794.266706 1851.417866 1976.963577 2246.071670 2404.906071 3071.254894 3301.748063 3792.032037 3970.702381 4136.960141 4986.382512 5028.410047 5772.321586 5841.287276 7544.858402 7761.774368 8720.979673 13143.45250 14289.74769 15126.73467 16104.75079 23089.88235 30943.06222 33643.93557 35436.57744 46946.06418 75205.62763 170035.7394 193482.5250 696061.7425
      sorted:	 0.004542098840 0.02940470473 0.03146477550 0.07358277618 0.4018454318 20.61530341 118.0789069 127.3110883 135.6286019 139.7719529 139.9592050 140.0037765 140.2564971 140.7146191 141.3962358 142.2083385 143.0939861 144.7329701 147.3715737 151.2645358 156.5344988 162.1621476 163.4799023 171.6511269 176.2224357 180.0742084 184.7017823 191.6833392 206.3430081 257.0300039 434.5585846 545.7018353 590.0642271 658.1300932 667.7960640 803.6855399 821.2379987 877.9704160 1097.344769 1112.799244 1409.266699 1497.375412 1545.200604 1646.655104 1794.266706 1851.417866 1976.963577 2246.071670 2404.906071 3071.254894 3301.748063 3792.032037 3970.702381 4136.960141 4986.382512 5028.410047 5772.321586 5841.287276 7544.858402 7761.774368 8720.979673 13143.45250 14289.74769 15126.73467 16104.75079 23089.88235 30943.06222 33643.93557 35436.57744 46946.06418 75205.62763 170035.7394 193482.5250 696061.7425
