    unsorted:	 246.7401103 250.3513040 250.6026993 250.7547192 250.9635819 249.8912523 249.4318149 248.7341149 248.1846468 247.8358254 246.8473099 246.9630622 246.4704420 251.8953250 245.6620539 245.7586598 245.5114753 252.8890515 253.4122450 245.0137727 254.3093146 254.8226075 255.4146034 256.1735726 243.6630149 258.0968077 259.4112971 260.4511568 262.8339855 239.7899599 264.7514947 266.0947737 269.9130707 270.4841625 234.6102086 234.2022911 273.5313192 274.1154957 276.2219226 276.5927581 280.4381588 283.9404821 287.4097726 292.1697042 293.6657268 220.0807057 301.3969393 213.0889137 308.6387579 313.0782059 202.0419059 321.6348986 323.9788784 196.6243337 334.1922531 338.5794162 341.6347237 129.2857086 129.2868322 129.3028086 129.3431584 129.4282839 129.6450244 130.2620071 171.6576598 132.0799057 163.4970785 137.1121326 148.5337399 361.0991344 365.8634944 122.7714223 375.6476106 391.2848641 403.3590874 411.3639767 425.6247430 439.2561064 442.3378177 74.41034549 467.6671948 476.6783658 486.3025380 56.29412684 515.0393347 534.5994059 562.9207777 598.4776388 615.9831731 620.5497600 712.3585871 772.7277402 829.7735769 904.7405948 936.2501954 1027.039787 1066.196338 1235.717962 1604.423959 1699.805783 1770.959927 2025.302477 2278.654050 2414.174327 2481.399928 2634.581540 2876.388795 3455.894809 3672.319276 4122.325521 4594.862427 4928.868620 5302.274421 6078.200165 7961.643148 8433.498716 9173.613733 10199.31586 11139.62134 12578.53047 15398.21657 17333.02053 21619.73826 26122.47283 32968.13091 55194.49433 54982.75218 59670.68790 437355.6698 663540.0286 2308902.655
      sorted:	 56.29412684 74.41034549 122.7714223 129.2857086 129.2868322 129.3028086 129.3431584 129.4282839 129.6450244 130.2620071 132.0799057 137.1121326 148.5337399 163.4970785 171.6576598 196.6243337 202.0419059 213.0889137 220.0807057 234.2022911 234.6102086 239.7899599 243.6630149 245.0137727 245.5114753 245.6620539 245.7586598 246.4704420 246.7401103 246.8473099 246.9630622 247.8358254 248.1846468 248.7341149 249.4318149 249.8912523 250.3513040 250.6026993 250.7547192 250.9635819 251.8953250 252.8890515 253.4122450 254.3093146 254.8226075 255.4146034 256.1735726 258.0968077 259.4112971 260.4511568 262.8339855 264.7514947 266.0947737 269.9130707 270.4841625 273.5313192 274.1154957 276.2219226 276.5927581 280.4381588 283.9404821 287.4097726 292.1697042 293.6657268 301.3969393 308.6387579 313.0782059 321.6348986 323.9788784 334.1922531 338.5794162 341.6347237 361.0991344 365.8634944 375.6476106 391.2848641 403.3590874 411.3639767 425.6247430 439.2561064 442.3378177 467.6671948 476.6783658 486.3025380 515.0393347 534.5994059 562.9207777 598.4776388 615.9831731 620.5497600 712.3585871 772.7277402 829.7735769 904.7405948 936.2501954 1027.039787 1066.196338 1235.717962 1604.423959 1699.805783 1770.959927 2025.302477 2278.654050 2414.174327 2481.399928 2634.581540 2876.388795 3455.894809 3672.319276 4122.325521 4594.862427 4928.868620 5302.274421 6078.200165 7961.643148 8433.498716 9173.613733 10199.31586 11139.62134 12578.53047 15398.21657 17333.02053 21619.73826 26122.47283 32968.13091 54982.75218 55194.49433 59670.68790 437355.6698 663540.0286 2308902.655
