    unsorted:	 140.2291929 140.3492042 140.6225771 139.9668520 141.0531878 141.6524836 142.6856487 144.2841004 138.0954967 146.6847859 150.1345042 154.9954039 161.4270425 164.9168335 169.4181391 127.2776098 178.5883711 181.2929241 187.5040924 119.8503576 191.5727407 197.8386998 211.6544173 0.005036444151 0.03112206011 0.01708871238 0.05557817343 0.5339107612 0.5176889314 31.21365111 320.8698693 431.9176428 563.0222432 586.3828024 634.8881338 689.6415071 798.9626877 933.2265474 1032.278133 1072.436252 1080.640339 1332.310302 1459.312138 1518.383836 1581.866236 1745.844419 1807.641754 1930.201389 1964.369077 2184.273551 2259.858272 2441.953964 2987.601713 3245.122579 3639.709323 3705.187200 3733.831572 4662.172001 4758.314980 4935.157239 5514.602615 5742.839198 6490.485531 7103.674524 7817.916251 8624.321243 12577.06843 13115.12558 14457.31691 15275.84546 16756.85974 23364.15818 27144.22651 27656.59983 28176.82239 39753.68614 50396.04411 88377.35676 186089.0531 978347.1397 1631427.023
      sorted:	 0.005036444151 0.01708871238 0.03112206011 0.05557817343 0.5176889314 0.5339107612 31.21365111 119.8503576 127.2776098 138.0954967 139.9668520 140.2291929 140.3492042 140.6225771 141.0531878 141.6524836 142.6856487 144.2841004 146.6847859 150.1345042 154.9954039 161.4270425 164.9168335 169.4181391 178.5883711 181.2929241 187.5040924 191.5727407 197.8386998 211.6544173 320.8698693 431.9176428 563.0222432 586.3828024 634.8881338 689.6415071 798.9626877 933.2265474 1032.278133 1072.436252 1080.640339 1332.310302 1459.312138 1518.383836 1581.866236 1745.844419 1807.641754 1930.201389 1964.369077 2184.273551 2259.858272 2441.953964 2987.601713 3245.122579 3639.709323 3705.187200 3733.831572 4662.172001 4758.314980 4935.157239 5514.602615 5742.839198 6490.485531 7103.674524 7817.916251 8624.321243 12577.06843 13115.12558 14457.31691 15275.84546 16756.85974 23364.15818 27144.22651 27656.59983 28176.82239 39753.68614 50396.04411 88377.35676 186089.0531 978347.1397 1631427.023
