    unsorted:	 140.0767834 140.1557943 139.8568491 139.7893929 140.4301591 140.9732536 141.8020393 142.9925724 144.5134733 146.1606196 148.7654529 152.9135439 158.6735968 162.7620923 166.0930035 126.8048713 174.8109954 178.3344800 183.5770202 119.1775394 188.0236193 194.1395173 208.1691734 0.004783614860 0.03207066145 0.01650356826 0.4565847044 0.05503218797 0.4913231496 28.95551699 302.9887867 411.4502916 566.1116337 605.7547763 650.1723688 699.5957403 800.9565369 936.1913799 1035.235590 1049.992664 1083.065063 1340.818936 1465.934188 1527.062841 1610.923272 1756.093136 1810.033538 1843.444277 1943.563495 2219.704712 2276.042775 2626.769705 3063.774603 3269.153679 3584.082357 3755.534626 3847.769161 4848.693482 4980.996083 5570.743433 5742.064252 6568.693435 7468.553358 8571.080101 11427.14846 13106.18805 14432.78576 15232.64970 16606.87061 19762.09564 26526.43360 26764.81360 29548.06599 38364.52707 45565.55690 83590.29772 176161.5175 843798.6678 1771025.783
      sorted:	 0.004783614860 0.01650356826 0.03207066145 0.05503218797 0.4565847044 0.4913231496 28.95551699 119.1775394 126.8048713 139.7893929 139.8568491 140.0767834 140.1557943 140.4301591 140.9732536 141.8020393 142.9925724 144.5134733 146.1606196 148.7654529 152.9135439 158.6735968 162.7620923 166.0930035 174.8109954 178.3344800 183.5770202 188.0236193 194.1395173 208.1691734 302.9887867 411.4502916 566.1116337 605.7547763 650.1723688 699.5957403 800.9565369 936.1913799 1035.235590 1049.992664 1083.065063 1340.818936 1465.934188 1527.062841 1610.923272 1756.093136 1810.033538 1843.444277 1943.563495 2219.704712 2276.042775 2626.769705 3063.774603 3269.153679 3584.082357 3755.534626 3847.769161 4848.693482 4980.996083 5570.743433 5742.064252 6568.693435 7468.553358 8571.080101 11427.14846 13106.18805 14432.78576 15232.64970 16606.87061 19762.09564 26526.43360 26764.81360 29548.06599 38364.52707 45565.55690 83590.29772 176161.5175 843798.6678 1771025.783
