    unsorted:	 140.0246223 139.9750635 139.7835325 140.2753883 139.6255832 140.7391396 141.4416445 142.4146987 143.5730043 145.0939768 147.6134807 151.4611025 156.8101767 160.9555150 163.7968098 172.1078061 127.3903849 175.8890955 180.6212917 185.1417482 118.0250396 191.2672768 205.3569972 0.004689064687 0.03254906612 0.01496508627 0.05339923350 0.4426150043 0.3393911524 22.42242390 262.7480515 389.0023246 471.1336711 596.3910452 567.8414547 645.9911207 695.8846218 798.2220532 857.0625394 1043.481575 1080.156735 1334.651176 1459.091496 1532.021676 1629.333094 1746.230406 1806.223913 1943.305611 2213.375556 2275.873183 3051.653461 3077.558376 3276.611799 3776.906078 3908.985566 4882.019962 5001.247892 5662.103835 6349.197363 7412.933819 8378.895290 10011.33668 13308.59833 14338.01715 15293.64750 16496.25306 24538.40282 26188.50629 32752.11826 34831.42952 39079.11581 76441.95262 152931.5543 636202.7341 2559669.214
      sorted:	 0.004689064687 0.01496508627 0.03254906612 0.05339923350 0.3393911524 0.4426150043 22.42242390 118.0250396 127.3903849 139.6255832 139.7835325 139.9750635 140.0246223 140.2753883 140.7391396 141.4416445 142.4146987 143.5730043 145.0939768 147.6134807 151.4611025 156.8101767 160.9555150 163.7968098 172.1078061 175.8890955 180.6212917 185.1417482 191.2672768 205.3569972 262.7480515 389.0023246 471.1336711 567.8414547 596.3910452 645.9911207 695.8846218 798.2220532 857.0625394 1043.481575 1080.156735 1334.651176 1459.091496 1532.021676 1629.333094 1746.230406 1806.223913 1943.305611 2213.375556 2275.873183 3051.653461 3077.558376 3276.611799 3776.906078 3908.985566 4882.019962 5001.247892 5662.103835 6349.197363 7412.933819 8378.895290 10011.33668 13308.59833 14338.01715 15293.64750 16496.25306 24538.40282 26188.50629 32752.11826 34831.42952 39079.11581 76441.95262 152931.5543 636202.7341 2559669.214
