    unsorted:	 140.1797716 140.2838680 139.9317238 140.5491388 140.9476033 141.5051277 142.4853357 144.0072351 138.1185150 146.3032397 149.6200770 154.3226602 160.5866106 163.6696950 168.4171647 125.9114089 177.4707370 180.0460131 186.3484379 190.4804567 117.6626167 196.4965861 209.6483863 0.005014487545 0.03128592517 0.01703486304 0.05571283316 0.5255775722 0.4447415279 30.60723512 310.7800410 420.6946059 561.8156588 586.0311519 632.5336831 689.2833427 761.2092694 798.3330292 930.1009554 1035.426918 1077.572286 1332.884138 1460.726559 1513.811507 1583.339079 1678.332810 1749.326967 1816.339686 1936.943748 2191.965329 2263.571176 2357.997222 3013.468691 3248.140013 3630.073304 3704.003661 3739.987527 4411.755876 4786.016671 4960.557564 5584.850402 5744.092816 6531.972844 7515.484194 8544.432620 12325.84029 13014.01641 14411.49445 15211.94884 16720.09625 21811.51951 26981.91257 27409.50513 28858.10594 39460.02716 49442.53425 84983.06014 182554.1347 974529.6241 1817070.410
      sorted:	 0.005014487545 0.01703486304 0.03128592517 0.05571283316 0.4447415279 0.5255775722 30.60723512 117.6626167 125.9114089 138.1185150 139.9317238 140.1797716 140.2838680 140.5491388 140.9476033 141.5051277 142.4853357 144.0072351 146.3032397 149.6200770 154.3226602 160.5866106 163.6696950 168.4171647 177.4707370 180.0460131 186.3484379 190.4804567 196.4965861 209.6483863 310.7800410 420.6946059 561.8156588 586.0311519 632.5336831 689.2833427 761.2092694 798.3330292 930.1009554 1035.426918 1077.572286 1332.884138 1460.726559 1513.811507 1583.339079 1678.332810 1749.326967 1816.339686 1936.943748 2191.965329 2263.571176 2357.997222 3013.468691 3248.140013 3630.073304 3704.003661 3739.987527 4411.755876 4786.016671 4960.557564 5584.850402 5744.092816 6531.972844 7515.484194 8544.432620 12325.84029 13014.01641 14411.49445 15211.94884 16720.09625 21811.51951 26981.91257 27409.50513 28858.10594 39460.02716 49442.53425 84983.06014 182554.1347 974529.6241 1817070.410
