    unsorted:	 139.9780834 140.0368219 139.7852913 140.2859714 140.7635585 141.5062873 142.5953896 143.8431669 144.8759422 147.2917981 151.0812853 133.6646615 156.2236506 161.1086623 162.9203301 170.9163742 175.3337859 179.0992535 183.9285295 122.3454040 187.7802653 191.5611295 106.5969005 206.5891040 264.3422990 0.1070336237 0.07314155963 0.02913873439 32.95737777 19.46123094 434.1697333 469.0357712 589.3338468 650.4136993 829.0499221 802.6360008 869.5384514 892.5448171 1089.982637 1103.510308 1481.010907 1538.208629 1639.606895 1788.681800 1844.065882 1967.626664 2235.065685 2383.949622 2706.530194 3011.510904 3061.462390 3292.934821 3771.377990 3938.904384 4119.199883 4959.786343 5029.972048 5784.543882 7565.660328 7804.748042 8336.434980 9902.173637 13177.06858 14262.38868 15217.17324 16395.83722 24342.29576 32783.09032 32649.31720 35417.69828 46061.02379 75626.06640 175429.3934 194853.8589 711686.5437
      sorted:	 0.02913873439 0.07314155963 0.1070336237 19.46123094 32.95737777 106.5969005 122.3454040 133.6646615 139.7852913 139.9780834 140.0368219 140.2859714 140.7635585 141.5062873 142.5953896 143.8431669 144.8759422 147.2917981 151.0812853 156.2236506 161.1086623 162.9203301 170.9163742 175.3337859 179.0992535 183.9285295 187.7802653 191.5611295 206.5891040 264.3422990 434.1697333 469.0357712 589.3338468 650.4136993 802.6360008 829.0499221 869.5384514 892.5448171 1089.982637 1103.510308 1481.010907 1538.208629 1639.606895 1788.681800 1844.065882 1967.626664 2235.065685 2383.949622 2706.530194 3011.510904 3061.462390 3292.934821 3771.377990 3938.904384 4119.199883 4959.786343 5029.972048 5784.543882 7565.660328 7804.748042 8336.434980 9902.173637 13177.06858 14262.38868 15217.17324 16395.83722 24342.29576 32649.31720 32783.09032 35417.69828 46061.02379 75626.06640 175429.3934 194853.8589 711686.5437
