    unsorted:	 140.1520697 140.2646053 140.5332903 139.9034882 141.1022089 141.8731821 142.6071505 143.6937404 145.4490454 146.9250339 149.3118293 153.5569219 132.4800579 159.2978749 163.9669440 166.7240845 175.3469623 179.1267332 184.0367547 124.0032221 188.4192746 192.9864554 197.7549630 211.0419383 0.07581732129 0.08570821869 0.03482360401 5.246083854 26.56054393 297.6671979 455.8995293 586.2701508 642.8195213 830.1468372 840.6856898 851.9407564 801.0774739 916.7082137 948.6369560 1089.869362 1102.309411 1178.039820 1485.719689 1527.789797 1604.986008 1795.178210 1880.452153 1964.275932 2251.186388 2362.511252 3000.166905 3199.857800 3269.695945 3710.848593 3899.391926 4125.695733 4962.916917 4879.988418 5222.011513 5764.123283 7663.477732 8003.588235 8476.704151 8600.375381 12815.80208 14273.65850 14349.90729 15301.60304 16737.92662 25661.67824 30306.12499 35557.96270 37242.98795 49393.09667 78882.69386 188008.3536 209572.6981 890415.7511
      sorted:	 0.03482360401 0.07581732129 0.08570821869 5.246083854 26.56054393 124.0032221 132.4800579 139.9034882 140.1520697 140.2646053 140.5332903 141.1022089 141.8731821 142.6071505 143.6937404 145.4490454 146.9250339 149.3118293 153.5569219 159.2978749 163.9669440 166.7240845 175.3469623 179.1267332 184.0367547 188.4192746 192.9864554 197.7549630 211.0419383 297.6671979 455.8995293 586.2701508 642.8195213 801.0774739 830.1468372 840.6856898 851.9407564 916.7082137 948.6369560 1089.869362 1102.309411 1178.039820 1485.719689 1527.789797 1604.986008 1795.178210 1880.452153 1964.275932 2251.186388 2362.511252 3000.166905 3199.857800 3269.695945 3710.848593 3899.391926 4125.695733 4879.988418 4962.916917 5222.011513 5764.123283 7663.477732 8003.588235 8476.704151 8600.375381 12815.80208 14273.65850 14349.90729 15301.60304 16737.92662 25661.67824 30306.12499 35557.96270 37242.98795 49393.09667 78882.69386 188008.3536 209572.6981 890415.7511
