    unsorted:	 142.0902373 142.3199360 141.3558809 140.7348215 143.6594374 145.6455525 148.4698626 152.4390252 157.8069758 164.8632149 173.5538314 187.5762075 183.6562581 180.3074006 194.5035526 200.1678460 205.0220513 125.1468587 210.9363901 215.6513346 225.1397423 108.9176098 93.83579639 45.68451405 0.1443309005 0.6578354913 3.684618928 7.638090246 324.2652923 401.3421658 543.2067247 626.3964810 690.9765996 790.4106127 938.9526924 971.8916389 1059.069133 1340.576262 1397.675236 1438.646631 1486.241678 1580.218173 1683.622683 1845.335906 1856.472838 1907.955680 2071.604746 2240.586811 2343.063995 2484.681884 2684.070540 3210.670576 3367.259399 3762.059797 3859.984982 4014.910021 4042.719624 4997.024120 5142.113457 5371.503206 5922.191669 6054.275432 7060.888884 8605.059998 8905.902269 12934.96154 13107.65624 14487.78209 15218.65313 16345.88021 17363.40878 27538.04946 27114.06523 28468.89037 33875.23003 47543.21486 75126.16114 87178.14929 205879.5823 3178232.615 9430890.254
      sorted:	 0.1443309005 0.6578354913 3.684618928 7.638090246 45.68451405 93.83579639 108.9176098 125.1468587 140.7348215 141.3558809 142.0902373 142.3199360 143.6594374 145.6455525 148.4698626 152.4390252 157.8069758 164.8632149 173.5538314 180.3074006 183.6562581 187.5762075 194.5035526 200.1678460 205.0220513 210.9363901 215.6513346 225.1397423 324.2652923 401.3421658 543.2067247 626.3964810 690.9765996 790.4106127 938.9526924 971.8916389 1059.069133 1340.576262 1397.675236 1438.646631 1486.241678 1580.218173 1683.622683 1845.335906 1856.472838 1907.955680 2071.604746 2240.586811 2343.063995 2484.681884 2684.070540 3210.670576 3367.259399 3762.059797 3859.984982 4014.910021 4042.719624 4997.024120 5142.113457 5371.503206 5922.191669 6054.275432 7060.888884 8605.059998 8905.902269 12934.96154 13107.65624 14487.78209 15218.65313 16345.88021 17363.40878 27114.06523 27538.04946 28468.89037 33875.23003 47543.21486 75126.16114 87178.14929 205879.5823 3178232.615 9430890.254
