    unsorted:	 130.0741225 130.0986453 130.3048221 129.7761942 130.5976221 129.3264848 131.4016572 132.6671584 134.2737698 135.2044492 137.8616393 138.4974698 142.8065396 149.4039961 157.7917709 159.1065282 160.2919082 167.9712895 177.4368754 178.9827495 184.5176100 256.6360521 258.8076840 261.3246445 247.4636608 247.9493261 266.7728157 271.1893049 278.4890181 276.8546470 282.0036962 287.3100298 288.7574926 293.4563451 236.7722596 297.2720425 300.8019493 214.0264111 202.4808788 310.6254576 313.4707961 326.2719863 333.1039290 339.4944802 350.5415384 106.5488525 361.7961282 372.8034108 379.2915861 393.4933864 407.2050986 416.4483338 434.5229864 445.5052095 458.0792007 66.32910599 475.6628951 481.8852178 41.34659561 517.6757099 538.0674411 553.4794495 583.0596769 588.3293842 604.9618905 614.8140605 621.8510132 633.9158864 0.1635056983 657.6077877 672.7413588 699.9838131 754.8996924 779.0545592 809.9774336 844.3534932 866.9586999 885.4580623 910.0763452 987.9017876 1047.653552 1109.415573 1136.485380 1155.928665 1276.531238 1343.610504 1419.571513 1403.339722 1483.669732 1618.325836 1651.664775 1697.039076 1990.018093 1979.965950 2154.015562 2238.681029 2659.977389 2788.435190 2889.390714 3121.528672 3377.107308 3495.843024 3595.941720 3876.264298 4101.655037 5136.836738 5216.825501 5473.623644 5631.759350 6197.748480 6248.461065 7020.405736 6929.730813 7275.524287 8638.876502 9308.803160 9502.145197 10671.51094 11587.31079 12978.46493 13447.62773 14795.85022 15385.72590 16704.17933 17696.56372 18508.76176 19155.48990 22907.59334 25347.43525 24769.24067 29650.72253 35808.69164 44590.39358 49888.72854 104298.4980 638400.4088 1859242.053 6082327.104
      sorted:	 0.1635056983 41.34659561 66.32910599 106.5488525 129.3264848 129.7761942 130.0741225 130.0986453 130.3048221 130.5976221 131.4016572 132.6671584 134.2737698 135.2044492 137.8616393 138.4974698 142.8065396 149.4039961 157.7917709 159.1065282 160.2919082 167.9712895 177.4368754 178.9827495 184.5176100 202.4808788 214.0264111 236.7722596 247.4636608 247.9493261 256.6360521 258.8076840 261.3246445 266.7728157 271.1893049 276.8546470 278.4890181 282.0036962 287.3100298 288.7574926 293.4563451 297.2720425 300.8019493 310.6254576 313.4707961 326.2719863 333.1039290 339.4944802 350.5415384 361.7961282 372.8034108 379.2915861 393.4933864 407.2050986 416.4483338 434.5229864 445.5052095 458.0792007 475.6628951 481.8852178 517.6757099 538.0674411 553.4794495 583.0596769 588.3293842 604.9618905 614.8140605 621.8510132 633.9158864 657.6077877 672.7413588 699.9838131 754.8996924 779.0545592 809.9774336 844.3534932 866.9586999 885.4580623 910.0763452 987.9017876 1047.653552 1109.415573 1136.485380 1155.928665 1276.531238 1343.610504 1403.339722 1419.571513 1483.669732 1618.325836 1651.664775 1697.039076 1979.965950 1990.018093 2154.015562 2238.681029 2659.977389 2788.435190 2889.390714 3121.528672 3377.107308 3495.843024 3595.941720 3876.264298 4101.655037 5136.836738 5216.825501 5473.623644 5631.759350 6197.748480 6248.461065 6929.730813 7020.405736 7275.524287 8638.876502 9308.803160 9502.145197 10671.51094 11587.31079 12978.46493 13447.62773 14795.85022 15385.72590 16704.17933 17696.56372 18508.76176 19155.48990 22907.59334 24769.24067 25347.43525 29650.72253 35808.69164 44590.39358 49888.72854 104298.4980 638400.4088 1859242.053 6082327.104
