    unsorted:	 140.1809917 140.0740598 139.9722179 139.8295752 140.4256399 140.9563727 141.7812092 142.9990951 144.7241058 146.7164542 149.0308842 152.8693759 158.4471983 162.9858842 165.7615319 129.6539997 174.3086451 178.1207892 182.9386691 121.8521397 187.2588513 193.8909188 209.5219423 0.004718206563 0.03247565063 0.01623477074 0.05478742795 0.4555276217 0.4491083926 25.61174676 279.3422423 406.6969436 524.8765717 569.2056365 613.5569112 663.5098335 698.7004443 802.0716839 931.8843004 1045.416801 1082.794346 1339.307030 1461.948338 1530.141055 1615.465301 1754.558571 1809.810645 1952.212956 1906.962995 2222.448164 2279.006863 3047.894568 3265.926983 3750.712921 3855.092467 4386.161581 4851.641888 4990.525549 5660.558203 6532.666863 6641.367843 7428.986337 8496.850386 12662.36414 13600.25826 14380.57095 15338.97497 16713.24550 25434.73566 26529.53505 31065.54849 36691.82570 40454.22964 79106.24966 167449.2802 715890.4265 1932518.010
      sorted:	 0.004718206563 0.01623477074 0.03247565063 0.05478742795 0.4491083926 0.4555276217 25.61174676 121.8521397 129.6539997 139.8295752 139.9722179 140.0740598 140.1809917 140.4256399 140.9563727 141.7812092 142.9990951 144.7241058 146.7164542 149.0308842 152.8693759 158.4471983 162.9858842 165.7615319 174.3086451 178.1207892 182.9386691 187.2588513 193.8909188 209.5219423 279.3422423 406.6969436 524.8765717 569.2056365 613.5569112 663.5098335 698.7004443 802.0716839 931.8843004 1045.416801 1082.794346 1339.307030 1461.948338 1530.141055 1615.465301 1754.558571 1809.810645 1906.962995 1952.212956 2222.448164 2279.006863 3047.894568 3265.926983 3750.712921 3855.092467 4386.161581 4851.641888 4990.525549 5660.558203 6532.666863 6641.367843 7428.986337 8496.850386 12662.36414 13600.25826 14380.57095 15338.97497 16713.24550 25434.73566 26529.53505 31065.54849 36691.82570 40454.22964 79106.24966 167449.2802 715890.4265 1932518.010
