    unsorted:	 140.0998256 140.1993610 139.8660982 140.4882648 141.0751342 143.3655232 141.9903410 145.4290838 137.4369782 148.2704835 150.1985530 153.2063346 158.8496071 161.7735462 166.1984846 128.3042785 174.7665243 177.1284941 183.2325357 187.1123647 118.9598305 193.8173785 208.1015497 0.004679170945 0.03116576352 0.03427201663 0.08410628436 0.4326480225 28.35285724 316.9530552 442.4292626 557.2368730 585.7449981 649.8716283 825.5707887 806.8824388 890.1692109 952.0664073 1038.441097 1085.353532 1101.852714 1484.989006 1531.283592 1610.349329 1797.262763 1846.592490 1872.680755 1963.188228 2256.170098 2361.840174 2631.397822 3064.447571 3278.689431 3581.529436 3743.707966 3930.324878 4159.833479 4908.258341 5000.989386 5584.780979 5834.192384 7697.043295 8003.784949 8560.776706 11343.29590 12958.32026 14394.21147 15209.64288 16557.08133 19633.98124 26559.24717 29559.09101 36174.16371 41301.45368 50430.70025 80150.12315 191560.5166 212611.7001 1013483.990
      sorted:	 0.004679170945 0.03116576352 0.03427201663 0.08410628436 0.4326480225 28.35285724 118.9598305 128.3042785 137.4369782 139.8660982 140.0998256 140.1993610 140.4882648 141.0751342 141.9903410 143.3655232 145.4290838 148.2704835 150.1985530 153.2063346 158.8496071 161.7735462 166.1984846 174.7665243 177.1284941 183.2325357 187.1123647 193.8173785 208.1015497 316.9530552 442.4292626 557.2368730 585.7449981 649.8716283 806.8824388 825.5707887 890.1692109 952.0664073 1038.441097 1085.353532 1101.852714 1484.989006 1531.283592 1610.349329 1797.262763 1846.592490 1872.680755 1963.188228 2256.170098 2361.840174 2631.397822 3064.447571 3278.689431 3581.529436 3743.707966 3930.324878 4159.833479 4908.258341 5000.989386 5584.780979 5834.192384 7697.043295 8003.784949 8560.776706 11343.29590 12958.32026 14394.21147 15209.64288 16557.08133 19633.98124 26559.24717 29559.09101 36174.16371 41301.45368 50430.70025 80150.12315 191560.5166 212611.7001 1013483.990
