    unsorted:	 140.2415831 140.3882988 140.6775545 139.9625984 141.3389768 142.3457670 143.7905961 145.0972952 146.1508088 147.3488809 149.7519991 154.2981189 160.3156823 164.2669818 130.8963215 167.9471924 176.7672978 180.0788899 185.3301154 190.1278661 189.1092841 123.6682486 197.5678892 210.5824788 0.01781046829 0.03562217279 0.08808749807 2.927772295 29.91402828 330.0949052 450.2363954 582.2749316 640.2223764 749.0931035 808.8001797 803.9187365 872.6208870 947.3569370 1078.792731 1098.179695 1478.114702 1518.166606 1585.033466 1689.078574 1783.714734 1847.600498 1958.929078 2245.910512 2328.896101 2338.637701 2372.110691 3022.518403 3264.316015 3628.134620 3703.067031 3848.666114 4097.768469 4448.187404 4857.017754 4986.922911 5631.494588 5828.169664 7763.550745 8015.095548 8534.945584 12244.32876 12897.03005 14338.90961 15164.85330 16638.52905 21613.32313 27101.07887 28866.37402 36672.99200 44134.36909 51186.08668 81504.09980 193663.2967 212514.4629 1134014.557
      sorted:	 0.01781046829 0.03562217279 0.08808749807 2.927772295 29.91402828 123.6682486 130.8963215 139.9625984 140.2415831 140.3882988 140.6775545 141.3389768 142.3457670 143.7905961 145.0972952 146.1508088 147.3488809 149.7519991 154.2981189 160.3156823 164.2669818 167.9471924 176.7672978 180.0788899 185.3301154 189.1092841 190.1278661 197.5678892 210.5824788 330.0949052 450.2363954 582.2749316 640.2223764 749.0931035 803.9187365 808.8001797 872.6208870 947.3569370 1078.792731 1098.179695 1478.114702 1518.166606 1585.033466 1689.078574 1783.714734 1847.600498 1958.929078 2245.910512 2328.896101 2338.637701 2372.110691 3022.518403 3264.316015 3628.134620 3703.067031 3848.666114 4097.768469 4448.187404 4857.017754 4986.922911 5631.494588 5828.169664 7763.550745 8015.095548 8534.945584 12244.32876 12897.03005 14338.90961 15164.85330 16638.52905 21613.32313 27101.07887 28866.37402 36672.99200 44134.36909 51186.08668 81504.09980 193663.2967 212514.4629 1134014.557
